500 7500
1 72 4
2 72 82
3 27 24
4 75 30
5 34 100
6 60 71
7 36 16
8 50 16
9 51 58
10 75 92
11 33 52
12 66 24
13 41 60
14 86 8
15 45 66
16 56 86
17 78 58
18 61 88
19 39 71
20 34 53
21 97 29
22 47 51
23 77 43
24 95 93
25 40 33
26 88 26
27 51 77
28 81 52
29 52 11
30 44 6
31 75 56
32 74 28
33 70 12
34 58 69
35 76 84
36 63 53
37 70 27
38 96 6
39 93 85
40 71 7
41 99 30
42 27 62
43 28 53
44 56 18
45 43 29
46 46 50
47 92 91
48 56 90
49 49 14
50 58 87
51 95 48
52 44 18
53 98 84
54 76 51
55 74 52
56 35 22
57 83 10
58 77 53
59 76 15
60 87 8
61 37 52
62 37 30
63 83 98
64 32 25
65 79 69
66 75 76
67 36 65
68 63 56
69 61 61
70 43 21
71 62 81
72 60 26
73 58 42
74 71 73
75 51 76
76 38 97
77 50 86
78 88 61
79 60 22
80 76 100
81 35 72
82 67 46
83 32 92
84 55 8
85 72 15
86 25 5
87 76 49
88 82 49
89 94 27
90 93 92
91 42 88
92 50 29
93 36 100
94 66 52
95 41 12
96 80 57
97 39 45
98 63 69
99 35 67
100 39 37
101 29 7
102 92 97
103 92 87
104 97 65
105 45 90
106 45 3
107 27 50
108 36 24
109 62 43
110 37 56
111 58 35
112 77 29
113 90 68
114 62 20
115 60 94
116 29 53
117 73 22
118 58 78
119 69 93
120 36 37
121 27 94
122 25 28
123 100 94
124 86 60
125 73 90
126 29 94
127 76 49
128 80 45
129 83 32
130 34 13
131 39 47
132 77 13
133 61 48
134 79 64
135 33 47
136 81 17
137 71 42
138 34 83
139 37 52
140 49 33
141 62 66
142 36 97
143 40 62
144 26 78
145 57 64
146 53 65
147 69 29
148 53 22
149 56 76
150 60 64
151 60 29
152 100 96
153 67 56
154 32 89
155 83 75
156 34 73
157 60 84
158 30 42
159 49 71
160 94 90
161 93 29
162 98 25
163 78 85
164 51 66
165 54 72
166 63 74
167 76 8
168 44 7
169 76 42
170 94 85
171 25 20
172 71 100
173 40 96
174 60 100
175 71 51
176 31 34
177 30 97
178 48 95
179 95 66
180 94 18
181 73 41
182 71 23
183 95 75
184 77 35
185 49 56
186 70 100
187 37 18
188 69 21
189 71 73
190 41 44
191 96 7
192 67 27
193 50 97
194 54 94
195 67 48
196 69 38
197 63 7
198 43 22
199 63 57
200 47 92
201 25 5
202 79 84
203 83 6
204 36 70
205 52 84
206 27 80
207 67 48
208 42 41
209 94 87
210 62 71
211 47 69
212 34 7
213 59 98
214 75 58
215 84 91
216 77 98
217 39 19
218 25 49
219 44 82
220 25 86
221 73 88
222 93 60
223 99 92
224 78 77
225 93 6
226 99 89
227 59 6
228 60 12
229 65 93
230 48 60
231 85 17
232 27 36
233 67 36
234 57 67
235 96 66
236 98 23
237 61 6
238 29 51
239 67 2
240 82 45
241 71 77
242 54 12
243 72 40
244 85 98
245 55 36
246 83 85
247 41 23
248 44 94
249 29 39
250 78 52
251 53 35
252 54 66
253 47 99
254 41 62
255 69 19
256 40 63
257 49 57
258 71 19
259 80 68
260 73 38
261 99 67
262 34 92
263 48 15
264 89 74
265 43 73
266 84 38
267 100 8
268 30 77
269 25 61
270 82 16
271 54 54
272 31 46
273 33 29
274 33 28
275 78 94
276 56 34
277 34 95
278 73 94
279 73 28
280 84 99
281 86 41
282 37 81
283 73 4
284 34 10
285 35 44
286 77 42
287 36 24
288 44 75
289 65 91
290 35 9
291 32 37
292 26 88
293 68 59
294 37 88
295 69 96
296 33 93
297 96 34
298 66 15
299 76 95
300 74 22
301 66 54
302 47 14
303 83 87
304 37 59
305 78 66
306 89 81
307 49 1
308 93 94
309 38 70
310 58 22
311 92 72
312 100 40
313 28 33
314 80 26
315 30 3
316 93 54
317 33 67
318 74 63
319 54 52
320 28 70
321 26 47
322 85 45
323 65 65
324 86 93
325 88 87
326 37 14
327 37 66
328 76 86
329 45 32
330 56 70
331 29 68
332 34 48
333 37 26
334 80 25
335 55 46
336 29 55
337 96 28
338 35 28
339 37 54
340 83 90
341 100 9
342 38 74
343 74 91
344 100 67
345 30 69
346 75 61
347 48 2
348 42 12
349 26 29
350 66 31
351 98 43
352 30 20
353 88 19
354 30 27
355 64 59
356 66 36
357 27 58
358 42 56
359 82 8
360 36 42
361 100 77
362 56 95
363 66 65
364 75 5
365 98 18
366 57 86
367 52 79
368 91 85
369 76 68
370 90 34
371 37 22
372 30 94
373 51 47
374 29 16
375 79 36
376 56 58
377 91 63
378 86 89
379 39 41
380 56 65
381 96 65
382 78 92
383 84 95
384 93 6
385 62 95
386 50 21
387 54 54
388 63 52
389 97 93
390 88 2
391 25 94
392 57 96
393 49 49
394 34 64
395 42 29
396 45 71
397 81 63
398 73 7
399 78 74
400 96 96
401 34 43
402 37 5
403 72 52
404 96 72
405 38 58
406 100 8
407 50 30
408 71 12
409 38 54
410 61 80
411 97 43
412 44 81
413 80 79
414 84 94
415 32 95
416 44 75
417 56 11
418 34 29
419 39 60
420 86 72
421 58 71
422 78 36
423 42 73
424 64 79
425 87 89
426 37 82
427 75 25
428 33 56
429 40 43
430 69 60
431 40 21
432 72 69
433 28 73
434 50 97
435 47 63
436 39 99
437 74 40
438 31 98
439 35 65
440 60 45
441 80 54
442 42 83
443 65 1
444 32 76
445 34 9
446 62 85
447 93 54
448 68 80
449 48 91
450 43 17
451 47 88
452 34 78
453 67 22
454 86 73
455 70 43
456 93 85
457 52 8
458 52 61
459 89 99
460 88 32
461 90 36
462 30 52
463 35 36
464 81 69
465 98 62
466 27 38
467 79 28
468 77 16
469 32 54
470 55 52
471 50 46
472 98 2
473 94 82
474 37 55
475 61 84
476 40 84
477 79 67
478 100 14
479 75 8
480 52 81
481 32 93
482 30 66
483 64 99
484 95 34
485 40 95
486 39 18
487 93 78
488 42 45
489 64 28
490 44 61
491 39 49
492 81 12
493 73 23
494 38 88
495 50 77
496 33 24
497 66 80
498 57 91
499 62 24
500 75 8
501 54 62
502 95 58
503 72 44
504 83 11
505 35 18
506 52 9
507 85 46
508 46 84
509 27 25
510 29 100
511 77 34
512 64 46
513 28 43
514 40 29
515 83 44
516 68 78
517 54 32
518 73 53
519 29 100
520 55 6
521 69 90
522 80 48
523 81 52
524 29 24
525 58 97
526 41 2
527 30 13
528 68 60
529 78 68
530 97 76
531 72 9
532 72 51
533 50 95
534 86 75
535 37 78
536 96 92
537 62 3
538 91 78
539 84 20
540 35 4
541 68 96
542 87 78
543 37 89
544 64 35
545 53 41
546 30 74
547 32 93
548 58 88
549 74 9
550 100 60
551 37 16
552 92 93
553 64 76
554 44 47
555 62 87
556 96 57
557 95 91
558 63 35
559 88 49
560 68 30
561 62 88
562 68 19
563 66 18
564 95 67
565 72 44
566 51 63
567 38 26
568 70 5
569 48 45
570 53 25
571 59 35
572 38 15
573 58 96
574 71 86
575 41 27
576 83 81
577 36 66
578 45 85
579 72 68
580 94 48
581 52 61
582 91 30
583 76 73
584 88 95
585 48 47
586 99 8
587 39 60
588 78 64
589 74 80
590 70 25
591 69 72
592 94 37
593 92 95
594 65 16
595 33 18
596 44 30
597 64 9
598 56 43
599 75 78
600 49 68
601 46 18
602 67 96
603 53 2
604 77 50
605 93 94
606 92 95
607 43 64
608 36 50
609 42 53
610 38 88
611 67 11
612 85 75
613 83 16
614 27 53
615 92 64
616 78 36
617 66 44
618 82 60
619 27 54
620 99 21
621 99 30
622 69 86
623 35 9
624 55 53
625 65 87
626 82 88
627 76 63
628 33 32
629 97 98
630 52 89
631 66 43
632 89 12
633 46 79
634 55 26
635 31 80
636 64 90
637 46 9
638 98 42
639 67 79
640 56 73
641 30 7
642 63 11
643 58 20
644 64 57
645 36 53
646 47 49
647 75 60
648 96 37
649 56 76
650 48 33
651 97 14
652 31 38
653 82 30
654 75 22
655 27 86
656 64 39
657 25 83
658 30 62
659 76 17
660 93 60
661 97 61
662 54 85
663 32 1
664 29 33
665 37 2
666 62 4
667 77 83
668 77 88
669 54 9
670 57 61
671 62 58
672 63 58
673 40 87
674 41 9
675 39 79
676 85 75
677 42 5
678 27 61
679 76 17
680 53 54
681 74 35
682 57 59
683 81 58
684 45 38
685 60 54
686 89 75
687 48 59
688 47 69
689 73 5
690 63 24
691 26 79
692 36 24
693 76 74
694 70 1
695 47 7
696 59 36
697 88 53
698 100 56
699 32 61
700 65 67
701 58 72
702 26 56
703 39 65
704 31 59
705 37 98
706 35 12
707 86 29
708 83 94
709 49 53
710 62 43
711 79 53
712 39 57
713 78 17
714 53 27
715 64 78
716 61 38
717 63 76
718 87 78
719 90 48
720 32 60
721 94 80
722 41 58
723 48 7
724 45 73
725 98 98
726 77 45
727 92 81
728 42 67
729 82 11
730 87 17
731 64 25
732 38 7
733 67 7
734 82 65
735 91 30
736 90 48
737 83 98
738 50 28
739 60 61
740 42 38
741 48 26
742 50 14
743 84 88
744 40 61
745 42 46
746 77 46
747 57 66
748 80 47
749 95 49
750 39 57
751 47 41
752 47 22
753 79 48
754 47 22
755 37 99
756 49 68
757 41 57
758 63 63
759 36 20
760 54 44
761 29 95
762 51 7
763 31 77
764 33 80
765 58 100
766 57 97
767 64 36
768 55 81
769 31 45
770 69 40
771 30 20
772 35 55
773 56 71
774 64 58
775 97 38
776 91 36
777 86 25
778 58 97
779 33 57
780 97 7
781 68 3
782 65 71
783 97 60
784 49 61
785 87 18
786 43 4
787 58 50
788 85 2
789 99 17
790 56 26
791 99 38
792 89 54
793 80 48
794 78 49
795 25 4
796 69 73
797 53 26
798 97 80
799 76 36
800 100 70
801 95 100
802 94 44
803 81 77
804 71 14
805 71 92
806 39 95
807 93 90
808 95 81
809 41 25
810 47 61
811 61 95
812 49 47
813 36 46
814 73 60
815 84 44
816 38 68
817 52 81
818 65 95
819 30 2
820 61 54
821 30 46
822 68 1
823 94 53
824 43 65
825 59 90
826 90 51
827 56 75
828 35 85
829 79 39
830 41 72
831 54 51
832 57 43
833 44 44
834 44 91
835 30 98
836 46 41
837 31 63
838 30 26
839 59 90
840 92 35
841 41 23
842 80 21
843 47 81
844 78 54
845 81 27
846 63 90
847 82 34
848 79 64
849 34 65
850 29 93
851 79 31
852 29 36
853 48 81
854 31 71
855 99 11
856 56 79
857 51 76
858 54 73
859 72 29
860 70 43
861 36 34
862 37 52
863 89 24
864 35 16
865 36 48
866 97 29
867 40 55
868 85 23
869 85 67
870 66 54
871 54 16
872 71 43
873 41 9
874 25 50
875 86 63
876 88 11
877 71 49
878 100 71
879 51 21
880 98 75
881 25 76
882 30 81
883 70 44
884 43 53
885 37 42
886 30 63
887 66 55
888 70 36
889 80 12
890 73 18
891 77 44
892 62 48
893 65 49
894 74 40
895 96 22
896 70 89
897 82 37
898 96 44
899 74 39
900 50 63
901 61 76
902 45 57
903 27 30
904 84 7
905 74 42
906 55 27
907 97 23
908 38 97
909 86 10
910 62 51
911 66 5
912 41 66
913 85 72
914 97 12
915 26 18
916 94 40
917 43 55
918 33 10
919 72 92
920 61 4
921 32 44
922 25 69
923 43 96
924 82 84
925 78 91
926 41 86
927 52 69
928 34 44
929 69 39
930 81 78
931 70 74
932 72 87
933 97 18
934 96 85
935 86 88
936 89 64
937 36 27
938 98 71
939 32 14
940 52 89
941 39 13
942 54 47
943 98 12
944 95 72
945 45 55
946 31 10
947 84 12
948 76 100
949 45 92
950 60 75
951 84 93
952 34 93
953 96 17
954 56 43
955 56 43
956 93 85
957 67 75
958 63 1
959 76 44
960 86 19
961 97 26
962 92 62
963 36 100
964 61 63
965 26 85
966 100 5
967 42 44
968 57 60
969 77 1
970 59 38
971 40 52
972 70 7
973 54 91
974 48 19
975 63 15
976 38 4
977 71 40
978 25 97
979 78 1
980 55 18
981 32 24
982 41 44
983 31 58
984 47 99
985 87 20
986 57 8
987 50 18
988 69 31
989 26 12
990 95 73
991 51 84
992 83 28
993 97 6
994 99 50
995 44 33
996 99 31
997 65 82
998 68 96
999 97 55
1000 45 66
1001 92 17
1002 77 36
1003 28 68
1004 72 27
1005 28 85
1006 42 93
1007 60 33
1008 91 10
1009 94 70
1010 79 35
1011 47 65
1012 85 96
1013 44 85
1014 48 79
1015 49 91
1016 32 79
1017 100 2
1018 39 65
1019 69 91
1020 83 64
1021 79 100
1022 86 22
1023 58 50
1024 83 2
1025 75 50
1026 29 20
1027 53 30
1028 65 79
1029 66 83
1030 31 57
1031 87 40
1032 39 87
1033 51 47
1034 28 50
1035 53 89
1036 56 64
1037 65 42
1038 90 23
1039 84 41
1040 94 95
1041 78 50
1042 95 62
1043 70 54
1044 75 92
1045 35 100
1046 98 53
1047 37 37
1048 99 80
1049 89 17
1050 82 95
1051 31 38
1052 45 75
1053 40 49
1054 67 1
1055 51 10
1056 83 40
1057 80 71
1058 37 38
1059 81 92
1060 68 90
1061 90 44
1062 69 14
1063 77 62
1064 85 5
1065 29 95
1066 81 77
1067 40 57
1068 46 36
1069 69 9
1070 83 64
1071 55 5
1072 40 26
1073 32 85
1074 85 79
1075 75 75
1076 93 30
1077 50 16
1078 55 61
1079 45 24
1080 84 39
1081 90 43
1082 67 49
1083 28 93
1084 71 2
1085 88 66
1086 82 14
1087 72 75
1088 69 95
1089 35 22
1090 89 52
1091 65 16
1092 34 90
1093 62 91
1094 58 95
1095 91 72
1096 96 39
1097 29 65
1098 38 62
1099 57 56
1100 48 96
1101 35 100
1102 67 91
1103 25 4
1104 50 23
1105 38 13
1106 57 53
1107 95 88
1108 77 36
1109 53 75
1110 43 20
1111 67 10
1112 72 98
1113 86 46
1114 28 2
1115 60 45
1116 85 19
1117 47 22
1118 56 45
1119 71 33
1120 66 59
1121 60 57
1122 31 51
1123 75 30
1124 41 54
1125 77 14
1126 94 90
1127 39 28
1128 57 69
1129 81 27
1130 94 49
1131 34 62
1132 38 59
1133 73 63
1134 96 20
1135 28 33
1136 45 29
1137 62 89
1138 26 22
1139 27 88
1140 36 52
1141 98 16
1142 31 62
1143 54 42
1144 28 95
1145 59 3
1146 40 58
1147 61 94
1148 94 91
1149 89 58
1150 51 16
1151 62 50
1152 67 96
1153 33 78
1154 57 32
1155 27 88
1156 92 57
1157 44 45
1158 48 10
1159 42 35
1160 69 40
1161 78 84
1162 45 96
1163 44 55
1164 39 47
1165 32 85
1166 54 43
1167 31 9
1168 40 81
1169 33 72
1170 74 10
1171 30 9
1172 100 15
1173 34 62
1174 52 81
1175 27 47
1176 28 56
1177 41 66
1178 41 99
1179 52 90
1180 98 13
1181 94 92
1182 26 35
1183 96 95
1184 51 6
1185 33 48
1186 52 21
1187 46 73
1188 100 32
1189 88 56
1190 51 97
1191 96 13
1192 73 35
1193 79 43
1194 69 62
1195 61 38
1196 28 98
1197 74 82
1198 38 18
1199 65 92
1200 77 69
1201 98 28
1202 29 64
1203 32 61
1204 92 43
1205 44 30
1206 58 55
1207 45 49
1208 90 6
1209 52 80
1210 27 100
1211 92 37
1212 61 33
1213 35 27
1214 65 96
1215 28 47
1216 73 67
1217 73 5
1218 78 19
1219 94 2
1220 84 80
1221 100 56
1222 37 58
1223 61 48
1224 31 44
1225 47 71
1226 33 12
1227 40 29
1228 93 25
1229 77 21
1230 34 75
1231 41 42
1232 83 87
1233 76 45
1234 34 37
1235 49 70
1236 69 55
1237 81 3
1238 64 82
1239 94 97
1240 89 54
1241 46 97
1242 53 96
1243 48 62
1244 76 84
1245 73 24
1246 61 63
1247 42 47
1248 51 47
1249 80 13
1250 64 21
1251 81 70
1252 69 32
1253 60 65
1254 31 47
1255 45 2
1256 90 1
1257 29 10
1258 57 97
1259 66 28
1260 99 80
1261 62 27
1262 87 58
1263 73 74
1264 93 46
1265 43 99
1266 72 54
1267 71 31
1268 79 50
1269 33 60
1270 69 71
1271 64 86
1272 63 93
1273 68 53
1274 38 88
1275 31 62
1276 85 80
1277 56 100
1278 67 63
1279 73 4
1280 69 35
1281 81 32
1282 43 98
1283 83 78
1284 79 22
1285 63 74
1286 25 89
1287 62 64
1288 80 45
1289 32 25
1290 94 69
1291 62 8
1292 58 4
1293 51 39
1294 38 47
1295 57 96
1296 37 94
1297 100 49
1298 74 71
1299 27 57
1300 79 16
1301 57 11
1302 90 57
1303 87 61
1304 88 36
1305 29 36
1306 37 51
1307 36 51
1308 73 87
1309 99 91
1310 99 78
1311 67 96
1312 73 21
1313 38 75
1314 76 61
1315 68 74
1316 36 66
1317 52 4
1318 78 14
1319 85 2
1320 30 57
1321 67 26
1322 63 73
1323 39 99
1324 38 85
1325 76 16
1326 79 8
1327 75 71
1328 39 49
1329 60 37
1330 55 37
1331 89 96
1332 36 49
1333 26 6
1334 35 82
1335 63 4
1336 39 100
1337 33 65
1338 77 73
1339 46 20
1340 27 43
1341 93 72
1342 82 83
1343 42 54
1344 29 74
1345 79 15
1346 53 62
1347 99 100
1348 63 62
1349 37 99
1350 63 64
1351 92 46
1352 78 56
1353 33 69
1354 36 8
1355 95 62
1356 59 46
1357 68 89
1358 72 96
1359 25 31
1360 42 53
1361 28 34
1362 41 14
1363 63 37
1364 78 65
1365 30 93
1366 69 43
1367 77 36
1368 43 89
1369 90 57
1370 45 55
1371 46 42
1372 74 85
1373 52 76
1374 40 19
1375 31 32
1376 31 73
1377 96 26
1378 92 30
1379 49 67
1380 90 76
1381 63 30
1382 84 30
1383 32 67
1384 30 87
1385 100 3
1386 63 50
1387 43 99
1388 51 45
1389 29 80
1390 40 64
1391 69 83
1392 73 25
1393 60 20
1394 38 88
1395 31 37
1396 48 92
1397 38 80
1398 89 10
1399 68 73
1400 53 33
1401 95 81
1402 98 30
1403 28 9
1404 29 61
1405 30 60
1406 41 18
1407 32 73
1408 68 73
1409 31 28
1410 37 25
1411 99 10
1412 69 47
1413 42 31
1414 59 77
1415 49 87
1416 31 11
1417 55 50
1418 74 45
1419 64 32
1420 69 55
1421 29 92
1422 49 39
1423 94 95
1424 98 17
1425 33 95
1426 81 59
1427 60 91
1428 75 6
1429 61 39
1430 36 83
1431 99 12
1432 72 19
1433 67 52
1434 44 52
1435 92 61
1436 96 30
1437 47 96
1438 54 5
1439 44 7
1440 92 21
1441 55 93
1442 61 62
1443 76 76
1444 38 4
1445 58 56
1446 36 19
1447 59 17
1448 27 90
1449 68 6
1450 85 4
1451 53 33
1452 31 9
1453 47 78
1454 34 62
1455 60 94
1456 62 36
1457 75 51
1458 38 42
1459 87 18
1460 53 14
1461 28 15
1462 40 68
1463 49 17
1464 94 82
1465 37 39
1466 57 70
1467 51 22
1468 96 28
1469 71 82
1470 39 23
1471 48 63
1472 56 50
1473 56 11
1474 62 69
1475 86 16
1476 90 48
1477 100 41
1478 32 93
1479 70 74
1480 46 24
1481 53 51
1482 39 44
1483 83 46
1484 58 18
1485 78 17
1486 34 100
1487 49 10
1488 94 82
1489 71 73
1490 84 21
1491 35 42
1492 50 66
1493 64 7
1494 37 100
1495 43 60
1496 83 20
1497 27 9
1498 25 54
1499 84 89
1500 80 88
1501 98 62
1502 77 46
1503 41 14
1504 79 99
1505 76 27
1506 68 37
1507 94 20
1508 81 61
1509 99 24
1510 62 93
1511 61 23
1512 78 61
1513 77 55
1514 96 67
1515 60 82
1516 94 74
1517 92 21
1518 92 60
1519 48 78
1520 40 46
1521 93 55
1522 83 88
1523 33 39
1524 39 54
1525 70 21
1526 79 67
1527 77 3
1528 42 94
1529 47 36
1530 48 19
1531 47 5
1532 60 91
1533 78 45
1534 53 42
1535 77 88
1536 89 63
1537 100 2
1538 49 100
1539 78 49
1540 35 1
1541 58 90
1542 52 52
1543 46 70
1544 46 50
1545 48 7
1546 79 67
1547 65 68
1548 27 25
1549 59 46
1550 35 42
1551 92 32
1552 92 7
1553 96 23
1554 82 100
1555 55 25
1556 68 31
1557 81 71
1558 100 19
1559 40 30
1560 55 16
1561 87 5
1562 76 34
1563 84 58
1564 96 79
1565 51 81
1566 52 4
1567 71 1
1568 82 51
1569 36 73
1570 35 33
1571 91 56
1572 38 42
1573 67 75
1574 79 70
1575 98 65
1576 83 90
1577 41 14
1578 90 20
1579 54 24
1580 37 75
1581 56 51
1582 26 25
1583 52 64
1584 27 15
1585 74 45
1586 36 65
1587 86 52
1588 27 87
1589 50 43
1590 27 13
1591 64 76
1592 74 40
1593 37 46
1594 58 38
1595 81 8
1596 36 45
1597 31 30
1598 47 29
1599 29 22
1600 83 53
1601 26 2
1602 94 41
1603 86 94
1604 31 57
1605 52 27
1606 79 34
1607 37 93
1608 98 5
1609 71 43
1610 54 34
1611 35 10
1612 34 51
1613 36 2
1614 56 5
1615 31 75
1616 35 18
1617 31 89
1618 32 46
1619 39 22
1620 32 58
1621 91 33
1622 91 64
1623 27 94
1624 40 98
1625 54 21
1626 65 47
1627 28 10
1628 44 83
1629 56 21
1630 49 4
1631 25 40
1632 84 87
1633 74 69
1634 60 30
1635 82 13
1636 59 34
1637 63 52
1638 43 36
1639 56 48
1640 38 54
1641 82 26
1642 28 9
1643 97 33
1644 58 70
1645 76 95
1646 63 24
1647 51 50
1648 87 13
1649 28 20
1650 84 50
1651 88 64
1652 88 31
1653 89 50
1654 63 6
1655 73 83
1656 30 69
1657 69 54
1658 44 60
1659 87 11
1660 74 93
1661 72 1
1662 60 57
1663 82 14
1664 31 21
1665 80 79
1666 26 63
1667 70 74
1668 28 79
1669 30 51
1670 60 10
1671 32 78
1672 78 88
1673 57 16
1674 28 29
1675 61 46
1676 45 36
1677 94 60
1678 71 94
1679 80 59
1680 43 19
1681 48 84
1682 45 60
1683 76 92
1684 61 85
1685 57 31
1686 100 23
1687 29 94
1688 34 66
1689 44 53
1690 42 18
1691 72 88
1692 92 30
1693 95 77
1694 95 65
1695 49 2
1696 65 63
1697 27 9
1698 59 31
1699 68 45
1700 73 64
1701 99 38
1702 44 33
1703 77 70
1704 88 58
1705 44 6
1706 58 86
1707 31 83
1708 89 60
1709 29 57
1710 84 22
1711 35 15
1712 82 48
1713 33 71
1714 47 78
1715 100 11
1716 45 63
1717 26 57
1718 63 71
1719 87 47
1720 45 14
1721 90 84
1722 51 38
1723 89 53
1724 39 43
1725 86 90
1726 53 76
1727 56 1
1728 90 78
1729 84 58
1730 71 11
1731 91 38
1732 53 12
1733 38 67
1734 46 23
1735 44 83
1736 76 95
1737 82 42
1738 38 57
1739 32 87
1740 40 2
1741 50 98
1742 81 3
1743 48 92
1744 49 37
1745 45 46
1746 63 48
1747 82 52
1748 51 8
1749 74 7
1750 98 62
1751 80 79
1752 28 83
1753 81 50
1754 83 8
1755 41 74
1756 52 21
1757 77 29
1758 63 19
1759 61 90
1760 80 14
1761 91 95
1762 35 67
1763 48 53
1764 49 85
1765 58 19
1766 41 72
1767 49 73
1768 76 9
1769 47 63
1770 42 76
1771 31 54
1772 61 34
1773 98 53
1774 43 10
1775 88 13
1776 46 39
1777 80 3
1778 25 77
1779 29 23
1780 95 83
1781 38 24
1782 50 49
1783 62 25
1784 41 8
1785 72 53
1786 56 19
1787 28 87
1788 73 35
1789 63 69
1790 26 43
1791 71 100
1792 44 82
1793 46 16
1794 93 10
1795 27 71
1796 89 8
1797 42 1
1798 66 18
1799 73 90
1800 30 23
1801 54 75
1802 31 62
1803 32 96
1804 87 37
1805 64 59
1806 31 84
1807 52 96
1808 73 19
1809 62 84
1810 76 71
1811 98 91
1812 42 4
1813 39 6
1814 97 88
1815 89 85
1816 61 56
1817 89 68
1818 73 77
1819 35 74
1820 85 35
1821 60 46
1822 95 6
1823 83 78
1824 45 21
1825 27 77
1826 81 82
1827 95 68
1828 56 78
1829 84 25
1830 27 64
1831 95 93
1832 34 37
1833 63 10
1834 39 80
1835 69 42
1836 43 54
1837 41 84
1838 58 62
1839 47 69
1840 25 64
1841 85 68
1842 82 31
1843 89 36
1844 47 74
1845 77 43
1846 71 50
1847 89 57
1848 75 69
1849 69 37
1850 50 91
1851 49 93
1852 45 55
1853 64 81
1854 48 13
1855 48 5
1856 80 48
1857 65 98
1858 28 58
1859 85 18
1860 40 79
1861 91 54
1862 85 73
1863 56 45
1864 62 7
1865 92 18
1866 99 78
1867 35 58
1868 26 64
1869 78 92
1870 52 98
1871 92 82
1872 75 17
1873 53 100
1874 62 86
1875 50 28
1876 67 61
1877 71 14
1878 56 43
1879 38 26
1880 40 92
1881 64 100
1882 33 9
1883 30 94
1884 28 63
1885 91 8
1886 68 20
1887 94 31
1888 74 98
1889 70 42
1890 78 91
1891 40 65
1892 51 19
1893 48 3
1894 31 4
1895 39 84
1896 41 29
1897 48 48
1898 52 10
1899 67 32
1900 41 40
1901 49 88
1902 56 98
1903 90 85
1904 72 23
1905 81 29
1906 45 88
1907 47 27
1908 61 49
1909 78 54
1910 51 58
1911 72 13
1912 27 100
1913 41 28
1914 77 6
1915 55 78
1916 82 88
1917 64 64
1918 82 76
1919 76 62
1920 86 85
1921 84 33
1922 45 53
1923 27 97
1924 72 45
1925 63 88
1926 65 47
1927 88 90
1928 93 88
1929 46 37
1930 66 40
1931 46 13
1932 57 44
1933 79 55
1934 47 7
1935 62 64
1936 38 62
1937 57 38
1938 38 38
1939 74 99
1940 69 34
1941 42 73
1942 78 42
1943 90 8
1944 83 32
1945 44 86
1946 97 71
1947 86 98
1948 91 2
1949 64 45
1950 40 52
1951 87 85
1952 56 75
1953 95 33
1954 84 64
1955 76 93
1956 97 73
1957 31 80
1958 52 13
1959 100 19
1960 37 44
1961 27 65
1962 86 8
1963 56 13
1964 34 51
1965 49 92
1966 60 23
1967 67 43
1968 58 35
1969 39 51
1970 33 84
1971 74 65
1972 38 24
1973 49 93
1974 69 62
1975 33 56
1976 94 58
1977 36 75
1978 77 59
1979 75 14
1980 36 96
1981 72 29
1982 62 50
1983 85 75
1984 30 14
1985 27 16
1986 98 12
1987 43 60
1988 75 65
1989 61 84
1990 94 6
1991 77 16
1992 86 57
1993 72 79
1994 88 80
1995 94 34
1996 85 67
1997 63 97
1998 75 76
1999 41 78
2000 56 20
2001 92 65
2002 34 63
2003 68 47
2004 43 47
2005 71 3
2006 47 21
2007 40 44
2008 42 33
2009 44 19
2010 96 71
2011 36 13
2012 44 26
2013 39 84
2014 57 51
2015 70 75
2016 89 3
2017 48 27
2018 69 70
2019 39 37
2020 77 76
2021 58 29
2022 43 6
2023 81 86
2024 79 19
2025 94 61
2026 82 63
2027 31 91
2028 50 20
2029 32 57
2030 58 44
2031 32 38
2032 96 50
2033 33 11
2034 75 61
2035 52 80
2036 55 64
2037 39 13
2038 69 50
2039 96 80
2040 76 76
2041 48 26
2042 45 12
2043 89 56
2044 26 16
2045 70 40
2046 53 78
2047 61 75
2048 55 92
2049 61 34
2050 88 93
2051 81 6
2052 69 61
2053 63 63
2054 39 69
2055 81 68
2056 81 78
2057 75 58
2058 38 21
2059 63 59
2060 61 26
2061 93 93
2062 88 68
2063 52 35
2064 91 55
2065 98 65
2066 48 22
2067 31 66
2068 58 12
2069 83 4
2070 48 50
2071 70 54
2072 84 74
2073 46 26
2074 25 80
2075 67 40
2076 42 44
2077 38 85
2078 63 39
2079 49 99
2080 82 23
2081 38 33
2082 33 39
2083 40 9
2084 72 33
2085 45 66
2086 27 61
2087 60 96
2088 83 20
2089 83 44
2090 57 45
2091 54 52
2092 90 58
2093 67 47
2094 68 85
2095 78 99
2096 68 72
2097 37 74
2098 80 4
2099 70 61
2100 61 67
2101 30 3
2102 58 64
2103 61 64
2104 64 71
2105 87 87
2106 44 89
2107 88 5
2108 38 40
2109 53 86
2110 57 13
2111 36 6
2112 28 99
2113 100 42
2114 100 74
2115 31 40
2116 92 91
2117 28 36
2118 60 90
2119 26 7
2120 67 28
2121 93 8
2122 43 42
2123 30 44
2124 47 9
2125 38 92
2126 91 12
2127 80 21
2128 38 20
2129 36 61
2130 78 56
2131 50 34
2132 68 70
2133 35 28
2134 68 39
2135 59 53
2136 38 82
2137 74 15
2138 89 16
2139 32 23
2140 89 84
2141 50 68
2142 49 25
2143 91 29
2144 75 82
2145 88 4
2146 83 92
2147 95 45
2148 90 52
2149 38 34
2150 55 61
2151 95 98
2152 53 21
2153 60 67
2154 76 25
2155 88 21
2156 66 38
2157 38 34
2158 76 98
2159 54 10
2160 37 16
2161 91 50
2162 32 71
2163 93 85
2164 25 42
2165 59 82
2166 28 35
2167 75 35
2168 100 75
2169 50 57
2170 89 17
2171 34 3
2172 27 96
2173 71 35
2174 93 77
2175 77 95
2176 75 96
2177 98 24
2178 45 45
2179 42 77
2180 79 60
2181 38 18
2182 48 4
2183 29 29
2184 65 49
2185 47 48
2186 41 14
2187 80 49
2188 46 90
2189 41 66
2190 96 46
2191 51 49
2192 85 26
2193 91 64
2194 41 17
2195 65 29
2196 28 11
2197 43 56
2198 83 68
2199 63 68
2200 38 80
2201 53 16
2202 84 6
2203 56 25
2204 66 53
2205 58 89
2206 48 67
2207 38 58
2208 91 46
2209 30 99
2210 98 45
2211 62 69
2212 76 42
2213 58 24
2214 72 86
2215 90 23
2216 83 78
2217 93 96
2218 29 31
2219 25 98
2220 91 48
2221 42 93
2222 57 17
2223 68 52
2224 31 36
2225 89 35
2226 71 77
2227 37 12
2228 36 41
2229 27 23
2230 57 26
2231 37 53
2232 48 70
2233 73 33
2234 71 55
2235 96 61
2236 98 82
2237 81 21
2238 61 14
2239 75 92
2240 78 97
2241 49 83
2242 58 36
2243 64 65
2244 64 100
2245 99 75
2246 64 74
2247 45 95
2248 31 48
2249 97 81
2250 55 15
2251 45 56
2252 27 2
2253 97 57
2254 90 18
2255 61 36
2256 42 35
2257 88 100
2258 60 30
2259 82 22
2260 72 7
2261 44 97
2262 54 56
2263 84 7
2264 56 76
2265 67 53
2266 64 9
2267 51 68
2268 88 72
2269 84 39
2270 54 17
2271 71 53
2272 98 9
2273 72 92
2274 74 66
2275 76 27
2276 96 23
2277 53 16
2278 83 50
2279 35 73
2280 36 100
2281 37 85
2282 93 69
2283 94 92
2284 75 45
2285 45 52
2286 27 22
2287 59 12
2288 85 25
2289 79 31
2290 36 25
2291 34 29
2292 75 3
2293 94 59
2294 59 77
2295 42 79
2296 44 26
2297 96 100
2298 93 19
2299 30 92
2300 61 80
2301 32 83
2302 59 33
2303 74 89
2304 63 54
2305 54 45
2306 26 19
2307 68 30
2308 86 50
2309 53 73
2310 88 92
2311 69 34
2312 49 43
2313 66 30
2314 72 34
2315 33 27
2316 72 32
2317 34 39
2318 61 32
2319 97 17
2320 100 8
2321 30 82
2322 81 9
2323 75 87
2324 82 17
2325 25 8
2326 30 84
2327 34 16
2328 79 98
2329 75 26
2330 91 80
2331 92 39
2332 28 50
2333 57 6
2334 87 85
2335 95 87
2336 89 67
2337 28 54
2338 47 63
2339 70 59
2340 84 100
2341 55 67
2342 94 99
2343 94 57
2344 82 56
2345 25 65
2346 92 53
2347 53 16
2348 81 67
2349 68 48
2350 48 86
2351 29 85
2352 37 90
2353 31 34
2354 77 26
2355 95 63
2356 100 48
2357 58 50
2358 88 84
2359 73 50
2360 60 56
2361 43 39
2362 91 26
2363 98 35
2364 72 98
2365 75 49
2366 48 100
2367 47 55
2368 38 37
2369 46 48
2370 89 36
2371 85 28
2372 69 36
2373 30 2
2374 65 72
2375 27 21
2376 82 56
2377 48 95
2378 33 34
2379 92 78
2380 93 71
2381 71 65
2382 25 10
2383 98 90
2384 98 65
2385 56 91
2386 92 74
2387 96 61
2388 25 23
2389 68 66
2390 27 9
2391 36 99
2392 39 83
2393 51 82
2394 43 92
2395 61 52
2396 69 24
2397 27 79
2398 44 80
2399 85 29
2400 69 10
2401 96 46
2402 82 59
2403 26 81
2404 53 76
2405 43 89
2406 27 77
2407 96 28
2408 32 96
2409 44 42
2410 46 71
2411 63 55
2412 54 40
2413 32 47
2414 35 93
2415 64 99
2416 40 5
2417 43 81
2418 88 76
2419 55 89
2420 63 28
2421 85 45
2422 100 51
2423 88 42
2424 67 21
2425 44 86
2426 63 47
2427 61 48
2428 49 84
2429 33 38
2430 61 1
2431 55 29
2432 39 98
2433 85 79
2434 57 44
2435 74 96
2436 37 87
2437 92 76
2438 56 56
2439 57 55
2440 44 89
2441 79 29
2442 53 18
2443 72 18
2444 78 11
2445 51 4
2446 78 25
2447 85 24
2448 56 17
2449 48 67
2450 90 54
2451 42 26
2452 89 7
2453 86 7
2454 56 14
2455 72 92
2456 47 25
2457 29 77
2458 41 38
2459 33 93
2460 30 49
2461 86 61
2462 83 57
2463 97 24
2464 62 59
2465 52 56
2466 38 90
2467 84 53
2468 38 72
2469 48 99
2470 97 11
2471 49 75
2472 64 5
2473 80 99
2474 39 92
2475 28 84
2476 91 23
2477 54 84
2478 85 75
2479 69 25
2480 52 79
2481 62 80
2482 53 3
2483 29 11
2484 76 63
2485 82 86
2486 74 83
2487 96 50
2488 60 47
2489 91 88
2490 58 88
2491 53 49
2492 46 75
2493 92 74
2494 31 60
2495 71 18
2496 52 58
2497 59 71
2498 85 75
2499 29 42
2500 83 77
2501 31 40
2502 74 27
2503 37 97
2504 75 33
2505 99 87
2506 31 68
2507 71 20
2508 97 86
2509 62 98
2510 33 42
2511 50 12
2512 64 5
2513 62 76
2514 32 65
2515 89 93
2516 73 52
2517 51 64
2518 91 100
2519 55 42
2520 86 58
2521 79 15
2522 84 7
2523 36 7
2524 44 41
2525 84 6
2526 54 77
2527 56 55
2528 76 26
2529 46 60
2530 86 9
2531 67 70
2532 42 90
2533 44 11
2534 86 55
2535 46 52
2536 42 62
2537 47 22
2538 78 98
2539 55 14
2540 56 80
2541 42 47
2542 46 48
2543 30 21
2544 99 94
2545 93 63
2546 38 7
2547 96 89
2548 53 87
2549 81 66
2550 45 100
2551 40 84
2552 85 19
2553 28 1
2554 99 36
2555 66 24
2556 30 73
2557 93 47
2558 29 9
2559 56 38
2560 34 100
2561 99 81
2562 73 96
2563 66 10
2564 31 36
2565 68 28
2566 57 43
2567 59 13
2568 95 91
2569 95 26
2570 50 10
2571 43 28
2572 32 17
2573 81 91
2574 51 2
2575 95 14
2576 76 58
2577 70 13
2578 82 65
2579 29 7
2580 41 94
2581 83 76
2582 57 41
2583 59 28
2584 95 30
2585 34 4
2586 100 43
2587 32 93
2588 68 62
2589 80 64
2590 67 81
2591 86 78
2592 43 21
2593 96 23
2594 34 41
2595 92 54
2596 79 57
2597 56 23
2598 46 19
2599 74 68
2600 53 25
2601 87 1
2602 86 64
2603 91 93
2604 55 8
2605 77 46
2606 87 37
2607 28 71
2608 29 72
2609 60 63
2610 56 35
2611 82 17
2612 46 96
2613 77 68
2614 69 94
2615 72 55
2616 82 16
2617 55 10
2618 88 44
2619 47 66
2620 44 63
2621 30 19
2622 30 38
2623 85 51
2624 47 85
2625 39 6
2626 87 7
2627 96 19
2628 81 26
2629 52 7
2630 91 32
2631 40 88
2632 45 98
2633 39 20
2634 96 18
2635 62 98
2636 25 41
2637 81 55
2638 65 24
2639 70 49
2640 69 36
2641 80 19
2642 93 66
2643 85 59
2644 25 94
2645 28 76
2646 70 22
2647 66 99
2648 43 63
2649 74 74
2650 61 44
2651 94 8
2652 82 44
2653 44 96
2654 40 6
2655 96 24
2656 66 41
2657 72 60
2658 60 22
2659 94 51
2660 90 35
2661 60 52
2662 53 39
2663 61 49
2664 29 46
2665 50 6
2666 35 59
2667 90 23
2668 94 56
2669 30 82
2670 93 37
2671 76 97
2672 81 90
2673 74 86
2674 41 47
2675 93 42
2676 76 19
2677 77 97
2678 94 92
2679 74 79
2680 67 43
2681 42 51
2682 80 66
2683 85 22
2684 41 60
2685 65 85
2686 45 47
2687 73 47
2688 95 75
2689 39 48
2690 77 63
2691 89 74
2692 91 15
2693 54 59
2694 80 68
2695 40 74
2696 96 49
2697 40 17
2698 88 48
2699 62 94
2700 93 30
2701 84 75
2702 62 45
2703 100 13
2704 47 61
2705 76 54
2706 43 33
2707 34 9
2708 65 57
2709 52 41
2710 85 16
2711 26 86
2712 69 6
2713 91 47
2714 48 25
2715 45 83
2716 92 15
2717 78 64
2718 27 88
2719 68 46
2720 70 71
2721 43 24
2722 30 27
2723 79 22
2724 85 25
2725 59 72
2726 36 96
2727 53 91
2728 70 99
2729 50 87
2730 60 78
2731 79 39
2732 52 93
2733 28 72
2734 58 10
2735 98 36
2736 44 1
2737 91 26
2738 99 58
2739 85 28
2740 34 60
2741 72 18
2742 53 97
2743 49 1
2744 66 20
2745 49 40
2746 89 2
2747 33 4
2748 90 68
2749 67 48
2750 58 31
2751 71 64
2752 55 56
2753 77 39
2754 60 26
2755 74 90
2756 74 39
2757 79 66
2758 77 76
2759 33 5
2760 72 71
2761 36 24
2762 66 25
2763 88 18
2764 84 24
2765 57 100
2766 84 32
2767 100 52
2768 86 30
2769 27 89
2770 83 91
2771 53 85
2772 38 42
2773 99 86
2774 46 1
2775 35 51
2776 39 44
2777 86 58
2778 100 73
2779 90 66
2780 26 81
2781 54 28
2782 34 50
2783 34 72
2784 70 6
2785 92 20
2786 82 55
2787 26 49
2788 69 90
2789 35 11
2790 49 69
2791 44 76
2792 66 58
2793 89 46
2794 41 10
2795 87 77
2796 32 85
2797 59 45
2798 69 39
2799 61 36
2800 85 80
2801 82 64
2802 87 52
2803 60 9
2804 71 54
2805 63 92
2806 61 73
2807 41 63
2808 27 82
2809 67 19
2810 75 33
2811 60 51
2812 32 1
2813 41 83
2814 25 18
2815 67 52
2816 53 48
2817 92 21
2818 77 81
2819 53 46
2820 27 43
2821 69 14
2822 49 47
2823 94 85
2824 33 18
2825 44 85
2826 56 63
2827 81 8
2828 89 37
2829 100 40
2830 59 81
2831 54 9
2832 68 44
2833 70 69
2834 62 18
2835 84 23
2836 50 56
2837 76 68
2838 53 83
2839 83 48
2840 28 41
2841 99 6
2842 51 41
2843 69 46
2844 44 53
2845 91 86
2846 25 100
2847 25 100
2848 95 8
2849 90 60
2850 55 33
2851 60 17
2852 49 53
2853 94 76
2854 35 67
2855 41 87
2856 87 42
2857 93 65
2858 62 25
2859 71 50
2860 26 9
2861 86 49
2862 58 66
2863 28 14
2864 51 72
2865 80 49
2866 38 37
2867 45 74
2868 47 51
2869 68 82
2870 46 20
2871 66 44
2872 91 25
2873 84 62
2874 87 10
2875 43 34
2876 83 42
2877 61 72
2878 65 34
2879 46 63
2880 80 82
2881 72 35
2882 92 17
2883 56 72
2884 63 34
2885 50 22
2886 30 96
2887 74 87
2888 83 42
2889 79 93
2890 73 60
2891 67 96
2892 46 16
2893 71 89
2894 66 6
2895 96 63
2896 50 63
2897 100 59
2898 60 95
2899 95 80
2900 28 27
2901 44 61
2902 99 70
2903 45 45
2904 100 30
2905 66 77
2906 61 76
2907 58 69
2908 77 43
2909 66 94
2910 34 48
2911 100 35
2912 69 75
2913 37 100
2914 47 2
2915 31 33
2916 92 2
2917 71 19
2918 48 19
2919 54 99
2920 90 76
2921 48 93
2922 96 71
2923 79 20
2924 65 56
2925 58 34
2926 72 88
2927 100 68
2928 31 58
2929 90 23
2930 48 40
2931 30 61
2932 55 30
2933 93 94
2934 75 61
2935 82 8
2936 90 72
2937 54 10
2938 65 26
2939 70 27
2940 89 1
2941 73 4
2942 53 20
2943 38 61
2944 79 17
2945 39 41
2946 81 53
2947 52 25
2948 96 51
2949 53 90
2950 69 63
2951 45 20
2952 77 73
2953 47 80
2954 30 65
2955 63 88
2956 46 69
2957 84 87
2958 87 50
2959 36 88
2960 93 44
2961 79 7
2962 76 27
2963 42 89
2964 82 78
2965 92 26
2966 95 49
2967 64 25
2968 73 36
2969 77 75
2970 53 35
2971 32 45
2972 88 34
2973 68 20
2974 94 83
2975 69 41
2976 48 34
2977 37 80
2978 75 35
2979 81 82
2980 37 20
2981 52 12
2982 47 59
2983 27 72
2984 99 74
2985 82 1
2986 59 86
2987 74 16
2988 67 55
2989 56 92
2990 34 4
2991 50 15
2992 60 95
2993 45 35
2994 78 70
2995 36 33
2996 61 6
2997 89 92
2998 62 49
2999 37 17
3000 96 48
3001 86 38
3002 27 87
3003 97 21
3004 42 52
3005 93 11
3006 31 6
3007 95 3
3008 92 65
3009 48 17
3010 29 68
3011 63 22
3012 46 2
3013 91 32
3014 99 11
3015 84 63
3016 91 82
3017 43 59
3018 43 9
3019 34 18
3020 31 88
3021 63 6
3022 56 64
3023 37 89
3024 77 91
3025 100 9
3026 41 16
3027 46 53
3028 49 29
3029 73 39
3030 31 44
3031 40 63
3032 61 91
3033 26 21
3034 27 23
3035 48 64
3036 90 47
3037 33 37
3038 58 36
3039 69 14
3040 44 16
3041 62 1
3042 80 93
3043 32 100
3044 37 31
3045 70 22
3046 67 8
3047 50 62
3048 60 6
3049 42 70
3050 68 56
3051 58 41
3052 35 99
3053 60 28
3054 42 45
3055 40 80
3056 36 86
3057 83 25
3058 79 58
3059 39 7
3060 71 20
3061 74 59
3062 40 16
3063 77 95
3064 99 22
3065 61 74
3066 98 55
3067 95 1
3068 96 64
3069 40 38
3070 66 98
3071 95 48
3072 62 85
3073 74 96
3074 26 6
3075 66 31
3076 38 92
3077 87 82
3078 29 88
3079 98 72
3080 74 76
3081 95 6
3082 39 85
3083 83 3
3084 90 41
3085 40 49
3086 90 63
3087 30 31
3088 70 86
3089 61 28
3090 52 87
3091 65 13
3092 85 85
3093 93 19
3094 76 51
3095 26 96
3096 70 63
3097 25 53
3098 41 68
3099 82 23
3100 60 43
3101 35 83
3102 79 69
3103 93 96
3104 75 8
3105 98 61
3106 80 92
3107 31 40
3108 60 90
3109 73 9
3110 51 44
3111 41 77
3112 48 97
3113 31 71
3114 30 53
3115 96 64
3116 98 11
3117 51 11
3118 93 93
3119 46 2
3120 55 67
3121 76 82
3122 100 87
3123 91 18
3124 83 30
3125 73 65
3126 36 17
3127 81 49
3128 53 94
3129 96 32
3130 66 82
3131 51 49
3132 62 29
3133 54 98
3134 32 87
3135 85 9
3136 65 57
3137 34 79
3138 98 62
3139 52 57
3140 89 79
3141 85 94
3142 90 91
3143 36 27
3144 39 54
3145 34 73
3146 97 88
3147 90 44
3148 83 29
3149 73 62
3150 27 26
3151 43 72
3152 76 52
3153 56 32
3154 89 36
3155 78 94
3156 41 23
3157 62 37
3158 50 50
3159 55 71
3160 64 76
3161 49 93
3162 51 62
3163 94 8
3164 32 86
3165 86 71
3166 63 74
3167 27 47
3168 87 1
3169 40 58
3170 44 65
3171 85 81
3172 53 70
3173 70 91
3174 98 10
3175 64 74
3176 58 52
3177 45 88
3178 58 78
3179 35 41
3180 66 13
3181 52 60
3182 29 7
3183 100 2
3184 85 90
3185 35 75
3186 83 32
3187 58 73
3188 61 5
3189 34 72
3190 69 54
3191 33 52
3192 26 50
3193 32 2
3194 94 67
3195 27 63
3196 82 20
3197 69 14
3198 57 18
3199 63 80
3200 37 81
3201 57 58
3202 54 87
3203 82 3
3204 65 61
3205 66 85
3206 46 55
3207 92 23
3208 72 2
3209 26 58
3210 27 20
3211 75 48
3212 46 89
3213 69 1
3214 91 35
3215 82 13
3216 52 60
3217 80 20
3218 99 96
3219 69 82
3220 25 57
3221 27 99
3222 72 70
3223 35 73
3224 62 4
3225 38 8
3226 92 2
3227 74 46
3228 45 93
3229 64 47
3230 94 77
3231 31 90
3232 26 47
3233 80 70
3234 84 90
3235 63 73
3236 61 47
3237 87 30
3238 76 24
3239 56 46
3240 80 13
3241 37 51
3242 50 43
3243 34 13
3244 49 42
3245 44 81
3246 47 70
3247 30 27
3248 25 95
3249 36 99
3250 59 76
3251 34 35
3252 53 23
3253 87 37
3254 82 53
3255 47 54
3256 89 56
3257 47 37
3258 92 56
3259 36 16
3260 41 25
3261 74 72
3262 47 94
3263 89 85
3264 25 92
3265 87 68
3266 54 90
3267 55 24
3268 74 44
3269 37 67
3270 79 24
3271 68 77
3272 52 87
3273 84 46
3274 57 2
3275 35 83
3276 26 76
3277 60 83
3278 48 66
3279 34 98
3280 87 53
3281 86 26
3282 79 22
3283 39 57
3284 41 84
3285 48 58
3286 94 46
3287 77 84
3288 89 91
3289 65 50
3290 87 57
3291 89 96
3292 92 36
3293 41 100
3294 96 63
3295 82 19
3296 59 73
3297 81 41
3298 58 27
3299 29 23
3300 30 8
3301 54 14
3302 98 27
3303 86 59
3304 74 44
3305 39 10
3306 35 99
3307 83 47
3308 77 100
3309 62 76
3310 36 38
3311 38 39
3312 91 59
3313 100 24
3314 77 51
3315 27 56
3316 32 81
3317 87 98
3318 81 49
3319 60 30
3320 85 23
3321 72 85
3322 31 85
3323 85 82
3324 45 82
3325 85 54
3326 89 67
3327 53 12
3328 42 62
3329 36 14
3330 62 47
3331 39 6
3332 85 4
3333 49 86
3334 74 55
3335 98 74
3336 29 56
3337 25 71
3338 41 4
3339 41 8
3340 47 42
3341 73 50
3342 48 4
3343 97 4
3344 72 19
3345 49 36
3346 80 51
3347 38 12
3348 84 83
3349 53 99
3350 53 64
3351 31 15
3352 51 44
3353 30 13
3354 66 67
3355 69 74
3356 98 93
3357 64 39
3358 95 84
3359 35 41
3360 29 86
3361 85 79
3362 77 100
3363 27 100
3364 50 71
3365 32 8
3366 98 25
3367 90 7
3368 35 19
3369 89 47
3370 33 70
3371 33 56
3372 46 58
3373 58 87
3374 41 51
3375 39 19
3376 35 55
3377 76 31
3378 51 61
3379 93 74
3380 42 88
3381 69 7
3382 43 97
3383 94 7
3384 37 41
3385 25 18
3386 77 94
3387 80 93
3388 78 3
3389 85 6
3390 30 10
3391 97 14
3392 95 66
3393 87 44
3394 61 4
3395 98 93
3396 60 13
3397 64 82
3398 32 4
3399 99 21
3400 41 52
3401 34 84
3402 33 78
3403 45 54
3404 98 39
3405 73 32
3406 35 54
3407 76 74
3408 26 73
3409 68 45
3410 36 69
3411 34 48
3412 81 82
3413 64 76
3414 53 51
3415 39 89
3416 64 13
3417 85 97
3418 82 28
3419 76 43
3420 82 10
3421 62 78
3422 70 84
3423 46 48
3424 52 76
3425 93 10
3426 95 78
3427 39 38
3428 63 88
3429 76 89
3430 45 45
3431 97 79
3432 88 53
3433 81 72
3434 88 39
3435 44 57
3436 71 28
3437 58 35
3438 67 7
3439 87 78
3440 49 81
3441 91 41
3442 50 88
3443 35 47
3444 72 41
3445 39 48
3446 98 59
3447 49 80
3448 96 41
3449 81 69
3450 52 80
3451 43 93
3452 69 18
3453 62 94
3454 81 7
3455 44 90
3456 52 27
3457 61 17
3458 78 68
3459 29 5
3460 59 29
3461 39 85
3462 72 86
3463 84 78
3464 94 77
3465 60 21
3466 42 74
3467 49 3
3468 28 95
3469 67 5
3470 64 35
3471 65 7
3472 57 23
3473 25 96
3474 88 100
3475 93 51
3476 91 2
3477 39 14
3478 56 36
3479 26 52
3480 64 84
3481 46 42
3482 29 20
3483 93 60
3484 80 69
3485 29 16
3486 41 26
3487 47 62
3488 65 88
3489 76 80
3490 74 59
3491 64 39
3492 65 36
3493 86 2
3494 91 10
3495 37 92
3496 41 86
3497 51 85
3498 47 93
3499 80 68
3500 72 71
3501 90 55
3502 39 15
3503 70 62
3504 49 11
3505 38 19
3506 100 80
3507 31 86
3508 86 82
3509 80 67
3510 85 66
3511 67 2
3512 30 46
3513 46 27
3514 50 96
3515 48 46
3516 38 65
3517 58 66
3518 42 73
3519 98 51
3520 37 1
3521 78 98
3522 64 39
3523 63 98
3524 96 37
3525 89 65
3526 48 27
3527 38 47
3528 68 84
3529 98 10
3530 53 49
3531 54 25
3532 67 44
3533 39 22
3534 78 61
3535 28 73
3536 39 89
3537 58 53
3538 95 47
3539 32 20
3540 97 97
3541 39 83
3542 86 94
3543 36 1
3544 37 50
3545 37 77
3546 41 27
3547 99 46
3548 42 100
3549 73 83
3550 95 83
3551 41 9
3552 51 35
3553 81 11
3554 86 50
3555 25 8
3556 78 96
3557 43 5
3558 25 29
3559 26 25
3560 94 63
3561 67 31
3562 76 41
3563 73 40
3564 47 35
3565 97 63
3566 94 11
3567 77 39
3568 28 96
3569 54 29
3570 49 50
3571 78 86
3572 47 90
3573 28 13
3574 46 19
3575 46 100
3576 92 100
3577 51 87
3578 82 26
3579 58 84
3580 59 41
3581 26 71
3582 80 49
3583 82 74
3584 60 32
3585 86 89
3586 61 60
3587 50 73
3588 49 42
3589 46 58
3590 49 86
3591 49 77
3592 63 91
3593 96 39
3594 88 18
3595 44 31
3596 44 80
3597 87 16
3598 76 70
3599 58 66
3600 70 30
3601 27 59
3602 51 51
3603 94 78
3604 78 95
3605 71 72
3606 33 34
3607 68 77
3608 36 51
3609 27 64
3610 80 55
3611 65 70
3612 77 19
3613 65 39
3614 25 93
3615 37 27
3616 41 21
3617 61 22
3618 39 93
3619 39 63
3620 76 41
3621 61 47
3622 26 8
3623 93 8
3624 60 64
3625 83 3
3626 54 10
3627 57 11
3628 60 90
3629 52 33
3630 95 28
3631 28 19
3632 42 82
3633 70 78
3634 68 39
3635 100 98
3636 88 36
3637 57 54
3638 80 26
3639 30 61
3640 47 18
3641 83 6
3642 69 50
3643 34 85
3644 82 62
3645 81 84
3646 40 44
3647 79 26
3648 41 43
3649 55 3
3650 77 8
3651 37 58
3652 49 50
3653 87 81
3654 84 77
3655 35 33
3656 99 78
3657 46 98
3658 58 28
3659 38 70
3660 59 41
3661 78 54
3662 38 77
3663 68 9
3664 44 92
3665 97 28
3666 30 88
3667 31 35
3668 100 64
3669 60 55
3670 82 15
3671 73 91
3672 64 90
3673 71 5
3674 60 19
3675 37 13
3676 94 61
3677 45 44
3678 28 43
3679 47 35
3680 77 41
3681 74 46
3682 80 21
3683 75 79
3684 25 56
3685 54 12
3686 31 56
3687 72 4
3688 66 10
3689 41 18
3690 73 10
3691 55 84
3692 52 94
3693 38 39
3694 93 45
3695 45 66
3696 42 29
3697 96 73
3698 95 34
3699 45 40
3700 91 40
3701 49 87
3702 54 26
3703 68 21
3704 75 31
3705 94 1
3706 71 60
3707 78 40
3708 64 26
3709 77 60
3710 48 62
3711 46 54
3712 61 41
3713 54 7
3714 49 80
3715 58 35
3716 95 50
3717 89 72
3718 81 58
3719 85 30
3720 79 84
3721 38 94
3722 41 31
3723 65 35
3724 64 25
3725 63 92
3726 77 100
3727 70 30
3728 60 77
3729 28 22
3730 66 69
3731 65 19
3732 59 91
3733 98 91
3734 73 6
3735 81 85
3736 97 96
3737 50 1
3738 50 10
3739 63 23
3740 66 22
3741 50 92
3742 43 52
3743 50 68
3744 100 69
3745 77 80
3746 40 13
3747 50 3
3748 85 35
3749 84 93
3750 70 32
3751 94 88
3752 84 8
3753 41 75
3754 87 71
3755 37 53
3756 83 48
3757 90 64
3758 58 70
3759 40 64
3760 90 11
3761 30 98
3762 92 29
3763 25 43
3764 35 12
3765 40 8
3766 33 15
3767 65 62
3768 85 62
3769 48 16
3770 43 75
3771 55 65
3772 87 55
3773 47 64
3774 51 65
3775 62 43
3776 98 74
3777 51 97
3778 70 44
3779 88 84
3780 37 30
3781 42 67
3782 27 47
3783 90 94
3784 98 67
3785 64 98
3786 57 19
3787 75 99
3788 74 95
3789 91 89
3790 70 63
3791 35 95
3792 86 41
3793 87 3
3794 75 91
3795 31 8
3796 51 36
3797 64 71
3798 76 10
3799 92 64
3800 86 47
3801 49 75
3802 90 67
3803 92 59
3804 93 72
3805 69 33
3806 61 75
3807 86 24
3808 58 14
3809 96 47
3810 45 68
3811 68 49
3812 74 9
3813 47 29
3814 91 29
3815 96 44
3816 95 13
3817 28 79
3818 26 98
3819 76 11
3820 28 58
3821 50 73
3822 61 45
3823 81 67
3824 36 39
3825 42 100
3826 64 40
3827 50 35
3828 77 54
3829 95 54
3830 37 54
3831 30 15
3832 51 16
3833 80 99
3834 87 89
3835 61 60
3836 97 85
3837 50 71
3838 71 78
3839 72 7
3840 30 26
3841 100 19
3842 91 48
3843 93 41
3844 62 75
3845 66 87
3846 41 72
3847 68 49
3848 52 79
3849 37 20
3850 96 66
3851 48 37
3852 72 72
3853 42 96
3854 78 97
3855 80 91
3856 83 74
3857 39 67
3858 80 31
3859 76 56
3860 79 88
3861 26 82
3862 29 33
3863 50 58
3864 46 24
3865 46 27
3866 76 100
3867 48 16
3868 95 71
3869 72 30
3870 54 78
3871 38 12
3872 77 14
3873 81 78
3874 87 67
3875 83 51
3876 38 16
3877 94 25
3878 30 22
3879 32 37
3880 77 87
3881 43 47
3882 65 70
3883 57 9
3884 59 5
3885 69 38
3886 90 3
3887 87 38
3888 60 84
3889 66 36
3890 38 18
3891 43 90
3892 38 58
3893 89 53
3894 31 49
3895 36 72
3896 30 87
3897 50 9
3898 95 20
3899 26 38
3900 86 87
3901 26 68
3902 58 67
3903 85 67
3904 57 24
3905 29 29
3906 50 42
3907 33 23
3908 56 84
3909 26 44
3910 71 84
3911 63 93
3912 77 88
3913 74 85
3914 72 48
3915 79 54
3916 76 63
3917 49 85
3918 94 50
3919 89 63
3920 80 79
3921 36 55
3922 92 32
3923 60 62
3924 81 75
3925 76 10
3926 88 97
3927 39 71
3928 25 83
3929 26 61
3930 34 28
3931 66 78
3932 92 7
3933 54 34
3934 41 70
3935 41 18
3936 73 11
3937 38 93
3938 60 26
3939 47 40
3940 49 34
3941 66 15
3942 41 65
3943 61 62
3944 79 12
3945 50 87
3946 98 97
3947 75 30
3948 50 24
3949 66 55
3950 53 63
3951 95 92
3952 35 56
3953 69 15
3954 26 98
3955 26 19
3956 32 38
3957 65 97
3958 28 38
3959 58 9
3960 81 25
3961 52 52
3962 73 56
3963 35 53
3964 35 40
3965 55 57
3966 37 17
3967 53 82
3968 62 92
3969 71 11
3970 92 50
3971 56 57
3972 33 59
3973 51 77
3974 65 50
3975 34 5
3976 57 87
3977 89 36
3978 81 18
3979 58 29
3980 62 1
3981 94 44
3982 49 88
3983 87 67
3984 73 97
3985 55 99
3986 63 61
3987 31 47
3988 25 27
3989 31 3
3990 70 9
3991 71 69
3992 32 8
3993 64 32
3994 51 99
3995 90 42
3996 83 6
3997 25 82
3998 26 69
3999 69 54
4000 68 42
4001 53 96
4002 77 6
4003 36 8
4004 27 64
4005 39 100
4006 97 48
4007 56 58
4008 82 14
4009 33 49
4010 79 88
4011 99 40
4012 48 67
4013 39 79
4014 70 41
4015 84 27
4016 31 66
4017 42 74
4018 49 59
4019 67 8
4020 37 2
4021 75 11
4022 48 29
4023 62 65
4024 91 1
4025 74 90
4026 87 38
4027 81 49
4028 38 56
4029 37 44
4030 57 2
4031 73 25
4032 75 66
4033 26 78
4034 52 99
4035 56 55
4036 94 75
4037 83 15
4038 69 61
4039 34 10
4040 70 8
4041 37 56
4042 35 88
4043 97 26
4044 95 22
4045 62 58
4046 58 65
4047 76 62
4048 45 93
4049 99 61
4050 76 32
4051 86 4
4052 83 52
4053 100 83
4054 51 80
4055 30 48
4056 61 56
4057 45 71
4058 45 6
4059 71 16
4060 32 61
4061 70 3
4062 42 99
4063 100 10
4064 50 99
4065 94 49
4066 97 58
4067 38 82
4068 50 12
4069 99 7
4070 47 36
4071 72 77
4072 60 82
4073 36 8
4074 58 95
4075 40 33
4076 72 31
4077 38 46
4078 77 60
4079 76 48
4080 26 50
4081 50 51
4082 76 29
4083 71 43
4084 49 10
4085 83 9
4086 66 79
4087 80 15
4088 99 20
4089 97 54
4090 85 50
4091 49 23
4092 64 21
4093 51 78
4094 87 7
4095 84 62
4096 80 56
4097 92 52
4098 97 22
4099 71 67
4100 40 31
4101 30 51
4102 38 87
4103 59 41
4104 63 61
4105 89 12
4106 91 34
4107 93 81
4108 64 94
4109 55 78
4110 42 37
4111 52 78
4112 66 77
4113 47 1
4114 43 28
4115 72 43
4116 41 31
4117 75 96
4118 52 75
4119 62 59
4120 32 98
4121 84 87
4122 48 50
4123 69 34
4124 52 75
4125 82 1
4126 67 13
4127 100 100
4128 46 24
4129 96 1
4130 64 74
4131 38 11
4132 84 58
4133 44 14
4134 67 99
4135 68 51
4136 32 13
4137 98 25
4138 73 40
4139 45 92
4140 80 62
4141 79 24
4142 56 48
4143 81 90
4144 64 6
4145 53 46
4146 48 35
4147 92 93
4148 27 89
4149 63 58
4150 78 61
4151 88 60
4152 65 24
4153 60 41
4154 89 41
4155 71 65
4156 30 79
4157 78 2
4158 96 17
4159 65 81
4160 71 77
4161 62 87
4162 75 97
4163 67 69
4164 27 73
4165 56 77
4166 91 56
4167 62 24
4168 45 25
4169 94 11
4170 30 39
4171 59 56
4172 61 8
4173 84 30
4174 68 83
4175 74 61
4176 42 31
4177 27 76
4178 26 47
4179 85 75
4180 85 6
4181 83 97
4182 36 12
4183 65 33
4184 94 7
4185 66 95
4186 86 3
4187 42 43
4188 66 7
4189 25 68
4190 52 83
4191 96 19
4192 87 91
4193 78 81
4194 48 77
4195 27 56
4196 70 51
4197 98 21
4198 29 23
4199 98 16
4200 39 82
4201 30 65
4202 62 68
4203 66 83
4204 87 52
4205 28 99
4206 66 68
4207 53 21
4208 54 32
4209 89 87
4210 29 12
4211 76 48
4212 70 20
4213 89 29
4214 25 69
4215 75 31
4216 48 7
4217 52 89
4218 71 46
4219 60 77
4220 92 32
4221 97 72
4222 25 59
4223 63 62
4224 27 74
4225 37 88
4226 85 18
4227 34 46
4228 83 3
4229 36 53
4230 49 42
4231 64 21
4232 79 49
4233 36 62
4234 58 25
4235 95 10
4236 46 1
4237 73 1
4238 27 17
4239 55 1
4240 83 55
4241 96 32
4242 52 30
4243 69 70
4244 98 61
4245 76 48
4246 53 5
4247 59 55
4248 36 66
4249 49 55
4250 93 49
4251 97 73
4252 49 84
4253 83 55
4254 25 1
4255 97 94
4256 43 33
4257 56 56
4258 29 32
4259 83 17
4260 63 14
4261 91 95
4262 52 52
4263 79 86
4264 85 21
4265 56 2
4266 73 4
4267 46 5
4268 49 67
4269 72 10
4270 94 65
4271 33 94
4272 82 67
4273 70 3
4274 37 52
4275 59 52
4276 93 45
4277 77 30
4278 26 79
4279 88 17
4280 43 63
4281 56 57
4282 28 2
4283 35 12
4284 54 69
4285 79 64
4286 29 2
4287 49 99
4288 74 86
4289 45 31
4290 96 25
4291 91 50
4292 54 99
4293 50 32
4294 95 41
4295 85 46
4296 44 30
4297 33 56
4298 83 24
4299 71 86
4300 98 67
4301 30 21
4302 64 87
4303 93 42
4304 30 27
4305 71 30
4306 52 51
4307 87 82
4308 75 84
4309 78 46
4310 57 40
4311 64 33
4312 87 38
4313 92 93
4314 76 26
4315 76 1
4316 36 47
4317 92 64
4318 56 55
4319 85 1
4320 89 82
4321 65 47
4322 59 84
4323 69 97
4324 71 52
4325 100 8
4326 59 80
4327 85 75
4328 55 100
4329 30 23
4330 36 95
4331 27 54
4332 90 51
4333 65 47
4334 73 37
4335 78 26
4336 33 22
4337 87 41
4338 52 20
4339 55 62
4340 99 70
4341 46 100
4342 33 16
4343 66 87
4344 76 66
4345 56 19
4346 92 94
4347 31 5
4348 53 35
4349 52 19
4350 69 49
4351 50 61
4352 44 75
4353 52 38
4354 71 21
4355 73 94
4356 82 80
4357 74 60
4358 49 80
4359 38 80
4360 76 62
4361 60 39
4362 84 54
4363 61 58
4364 40 47
4365 30 19
4366 75 18
4367 67 61
4368 57 75
4369 86 24
4370 51 72
4371 66 48
4372 87 61
4373 65 80
4374 65 93
4375 90 83
4376 67 58
4377 50 40
4378 69 31
4379 25 81
4380 67 9
4381 87 97
4382 71 85
4383 39 79
4384 91 13
4385 75 68
4386 56 71
4387 26 41
4388 86 5
4389 45 52
4390 29 85
4391 99 27
4392 41 46
4393 31 47
4394 39 41
4395 82 90
4396 43 60
4397 56 14
4398 96 95
4399 60 20
4400 56 44
4401 55 41
4402 71 47
4403 100 4
4404 63 1
4405 29 86
4406 73 95
4407 34 75
4408 96 56
4409 100 5
4410 41 51
4411 76 74
4412 31 15
4413 70 76
4414 29 31
4415 33 14
4416 46 72
4417 34 33
4418 86 68
4419 79 24
4420 66 19
4421 66 50
4422 91 25
4423 51 29
4424 80 60
4425 36 25
4426 49 96
4427 42 24
4428 72 27
4429 54 73
4430 29 32
4431 79 79
4432 59 22
4433 98 67
4434 81 56
4435 66 91
4436 93 45
4437 75 12
4438 87 96
4439 41 18
4440 39 85
4441 45 39
4442 76 24
4443 69 73
4444 27 17
4445 98 55
4446 31 7
4447 48 92
4448 65 31
4449 65 28
4450 92 81
4451 63 34
4452 68 64
4453 98 20
4454 82 71
4455 95 34
4456 55 53
4457 95 88
4458 26 2
4459 89 4
4460 72 19
4461 26 70
4462 73 90
4463 80 74
4464 36 65
4465 91 44
4466 87 85
4467 98 93
4468 41 28
4469 37 66
4470 37 4
4471 52 23
4472 64 10
4473 57 27
4474 25 30
4475 37 39
4476 71 28
4477 86 33
4478 93 1
4479 25 5
4480 25 57
4481 75 49
4482 29 6
4483 93 26
4484 30 21
4485 86 15
4486 59 21
4487 74 76
4488 38 61
4489 70 85
4490 39 92
4491 82 17
4492 38 95
4493 96 46
4494 48 63
4495 73 13
4496 57 85
4497 76 73
4498 30 84
4499 78 29
4500 98 44
4501 92 34
4502 27 41
4503 40 44
4504 81 38
4505 75 55
4506 100 56
4507 26 81
4508 27 77
4509 73 97
4510 68 16
4511 94 23
4512 30 46
4513 37 43
4514 95 88
4515 87 45
4516 82 44
4517 33 92
4518 79 6
4519 32 71
4520 99 49
4521 28 87
4522 77 12
4523 87 14
4524 93 97
4525 52 86
4526 63 89
4527 94 46
4528 45 26
4529 68 6
4530 88 37
4531 81 99
4532 97 14
4533 55 93
4534 93 96
4535 33 15
4536 78 43
4537 68 53
4538 59 96
4539 89 18
4540 66 69
4541 54 96
4542 75 46
4543 31 21
4544 98 5
4545 28 90
4546 45 49
4547 39 83
4548 89 33
4549 91 47
4550 100 73
4551 31 42
4552 49 9
4553 26 49
4554 68 69
4555 28 36
4556 55 11
4557 46 48
4558 60 26
4559 85 54
4560 39 61
4561 90 80
4562 59 11
4563 70 75
4564 53 45
4565 90 15
4566 47 36
4567 80 86
4568 47 9
4569 69 16
4570 74 61
4571 37 80
4572 32 89
4573 38 95
4574 100 26
4575 89 45
4576 72 66
4577 42 18
4578 37 68
4579 32 93
4580 31 67
4581 69 87
4582 59 41
4583 41 20
4584 59 66
4585 44 73
4586 100 58
4587 63 3
4588 30 25
4589 33 55
4590 42 75
4591 63 5
4592 28 26
4593 88 46
4594 39 95
4595 71 74
4596 30 62
4597 57 79
4598 53 29
4599 78 27
4600 64 41
4601 94 34
4602 73 33
4603 60 56
4604 53 19
4605 33 68
4606 92 27
4607 95 54
4608 88 49
4609 54 92
4610 53 76
4611 98 8
4612 91 5
4613 44 9
4614 36 11
4615 82 62
4616 61 49
4617 39 68
4618 37 100
4619 90 84
4620 92 14
4621 51 58
4622 31 42
4623 53 48
4624 57 25
4625 79 84
4626 28 9
4627 35 97
4628 30 28
4629 43 1
4630 74 50
4631 50 60
4632 90 94
4633 90 31
4634 64 93
4635 29 10
4636 89 68
4637 90 77
4638 87 11
4639 55 45
4640 37 25
4641 65 89
4642 96 10
4643 88 3
4644 32 85
4645 96 18
4646 99 18
4647 71 16
4648 35 59
4649 69 91
4650 40 75
4651 64 94
4652 56 74
4653 46 94
4654 75 85
4655 27 95
4656 36 40
4657 42 34
4658 84 80
4659 38 56
4660 93 56
4661 38 73
4662 86 84
4663 55 80
4664 85 20
4665 85 62
4666 30 55
4667 86 47
4668 44 97
4669 42 26
4670 31 62
4671 89 2
4672 52 68
4673 86 37
4674 69 68
4675 80 42
4676 99 6
4677 93 78
4678 55 28
4679 35 40
4680 49 47
4681 57 93
4682 32 38
4683 55 53
4684 74 41
4685 64 77
4686 60 8
4687 27 83
4688 68 95
4689 100 88
4690 63 84
4691 41 49
4692 74 3
4693 90 32
4694 62 21
4695 99 46
4696 55 64
4697 60 22
4698 72 59
4699 61 76
4700 65 60
4701 63 66
4702 61 56
4703 95 99
4704 62 43
4705 68 77
4706 99 15
4707 96 100
4708 25 39
4709 63 27
4710 31 4
4711 76 6
4712 80 68
4713 62 100
4714 72 66
4715 93 23
4716 26 52
4717 70 53
4718 94 6
4719 91 2
4720 56 36
4721 54 40
4722 33 90
4723 81 66
4724 89 7
4725 41 81
4726 79 16
4727 75 46
4728 92 67
4729 39 19
4730 51 14
4731 62 65
4732 65 87
4733 79 23
4734 26 68
4735 73 54
4736 39 51
4737 62 95
4738 79 65
4739 82 8
4740 72 93
4741 90 10
4742 93 100
4743 79 65
4744 38 46
4745 83 18
4746 56 13
4747 47 94
4748 51 55
4749 87 97
4750 62 16
4751 28 42
4752 59 59
4753 39 77
4754 84 34
4755 50 61
4756 77 11
4757 91 53
4758 49 13
4759 32 9
4760 40 14
4761 82 3
4762 86 82
4763 71 78
4764 49 18
4765 61 82
4766 41 82
4767 94 60
4768 66 2
4769 81 50
4770 34 83
4771 45 68
4772 100 21
4773 53 62
4774 92 92
4775 94 52
4776 25 78
4777 82 95
4778 63 40
4779 65 97
4780 42 43
4781 33 39
4782 71 76
4783 57 33
4784 86 5
4785 79 21
4786 79 81
4787 76 73
4788 65 26
4789 84 54
4790 44 61
4791 79 22
4792 51 48
4793 39 59
4794 25 99
4795 89 82
4796 81 40
4797 39 9
4798 77 48
4799 75 76
4800 65 79
4801 94 82
4802 96 72
4803 79 42
4804 94 61
4805 44 95
4806 96 98
4807 32 32
4808 91 79
4809 42 34
4810 80 85
4811 87 59
4812 27 81
4813 27 99
4814 38 12
4815 26 29
4816 84 70
4817 35 40
4818 79 54
4819 89 65
4820 56 69
4821 74 77
4822 77 50
4823 56 34
4824 66 85
4825 50 1
4826 63 18
4827 30 12
4828 81 19
4829 36 17
4830 63 52
4831 64 89
4832 70 14
4833 58 87
4834 94 29
4835 80 45
4836 41 64
4837 68 62
4838 92 97
4839 32 43
4840 47 4
4841 90 11
4842 64 2
4843 29 9
4844 40 85
4845 53 77
4846 91 11
4847 29 11
4848 89 64
4849 55 79
4850 74 36
4851 44 2
4852 39 25
4853 35 65
4854 69 87
4855 56 26
4856 96 69
4857 74 97
4858 86 42
4859 85 93
4860 35 37
4861 65 25
4862 94 97
4863 100 64
4864 43 53
4865 64 42
4866 82 1
4867 96 17
4868 57 19
4869 32 14
4870 45 10
4871 71 59
4872 77 41
4873 67 73
4874 85 81
4875 45 58
4876 81 42
4877 60 70
4878 50 4
4879 30 47
4880 28 26
4881 49 74
4882 60 96
4883 38 41
4884 57 28
4885 74 48
4886 89 29
4887 40 91
4888 39 81
4889 66 74
4890 36 47
4891 87 66
4892 98 56
4893 30 84
4894 99 56
4895 99 28
4896 37 36
4897 40 74
4898 70 25
4899 96 77
4900 28 73
4901 26 98
4902 32 55
4903 59 8
4904 64 73
4905 64 33
4906 79 48
4907 54 77
4908 38 17
4909 49 28
4910 94 73
4911 55 56
4912 36 11
4913 97 62
4914 91 84
4915 33 76
4916 27 99
4917 35 50
4918 83 85
4919 36 93
4920 26 54
4921 34 32
4922 98 60
4923 93 55
4924 51 34
4925 86 53
4926 43 94
4927 94 50
4928 37 16
4929 30 63
4930 70 81
4931 53 33
4932 25 76
4933 27 85
4934 67 70
4935 63 24
4936 42 94
4937 67 92
4938 36 37
4939 55 39
4940 93 17
4941 36 78
4942 86 83
4943 34 100
4944 95 53
4945 58 86
4946 90 29
4947 60 74
4948 92 94
4949 66 84
4950 39 98
4951 63 99
4952 88 15
4953 97 85
4954 74 67
4955 65 24
4956 92 34
4957 87 87
4958 53 45
4959 86 29
4960 77 60
4961 100 46
4962 94 35
4963 89 23
4964 91 25
4965 41 35
4966 54 9
4967 50 98
4968 74 6
4969 44 2
4970 58 97
4971 80 7
4972 27 44
4973 68 81
4974 54 49
4975 93 53
4976 73 41
4977 52 23
4978 35 71
4979 57 96
4980 63 78
4981 56 10
4982 76 54
4983 59 52
4984 49 81
4985 90 49
4986 83 75
4987 65 38
4988 58 36
4989 98 23
4990 53 55
4991 99 32
4992 55 57
4993 42 60
4994 76 39
4995 73 92
4996 67 17
4997 82 32
4998 61 2
4999 53 16
5000 66 59
5001 74 55
5002 29 32
5003 93 67
5004 70 32
5005 32 55
5006 91 84
5007 56 43
5008 60 3
5009 46 39
5010 27 16
5011 91 34
5012 92 14
5013 61 58
5014 41 69
5015 98 24
5016 41 88
5017 95 83
5018 51 92
5019 61 34
5020 54 38
5021 95 42
5022 36 22
5023 70 95
5024 54 31
5025 35 48
5026 67 74
5027 56 35
5028 73 70
5029 56 12
5030 59 55
5031 43 42
5032 79 39
5033 72 12
5034 89 92
5035 68 96
5036 69 79
5037 84 83
5038 100 25
5039 99 83
5040 97 8
5041 39 54
5042 36 57
5043 72 13
5044 83 69
5045 70 9
5046 97 90
5047 54 6
5048 84 29
5049 82 36
5050 94 13
5051 40 82
5052 30 71
5053 70 70
5054 40 32
5055 74 9
5056 79 32
5057 30 90
5058 85 85
5059 69 58
5060 61 15
5061 37 70
5062 89 12
5063 40 52
5064 44 53
5065 93 64
5066 77 23
5067 27 42
5068 27 64
5069 90 7
5070 86 88
5071 64 99
5072 25 35
5073 33 23
5074 87 91
5075 93 51
5076 27 30
5077 72 79
5078 85 97
5079 99 75
5080 28 44
5081 70 57
5082 39 32
5083 64 2
5084 55 55
5085 57 4
5086 53 34
5087 75 33
5088 43 15
5089 80 44
5090 81 65
5091 27 98
5092 83 61
5093 81 25
5094 34 29
5095 54 24
5096 61 98
5097 100 41
5098 69 61
5099 91 30
5100 44 68
5101 59 67
5102 33 100
5103 61 85
5104 97 94
5105 42 54
5106 39 24
5107 64 44
5108 100 21
5109 69 62
5110 76 70
5111 71 67
5112 60 41
5113 71 41
5114 100 9
5115 62 96
5116 52 88
5117 79 76
5118 60 52
5119 39 95
5120 62 46
5121 45 27
5122 50 28
5123 100 74
5124 59 91
5125 70 46
5126 89 16
5127 26 72
5128 52 33
5129 95 62
5130 37 42
5131 70 54
5132 97 66
5133 96 7
5134 62 61
5135 42 2
5136 29 26
5137 59 88
5138 77 11
5139 65 1
5140 69 64
5141 77 95
5142 64 13
5143 51 5
5144 46 82
5145 40 53
5146 59 7
5147 80 96
5148 87 61
5149 29 28
5150 59 79
5151 35 94
5152 73 19
5153 94 74
5154 69 58
5155 72 28
5156 88 11
5157 71 59
5158 97 62
5159 32 45
5160 91 2
5161 30 19
5162 95 27
5163 68 49
5164 80 26
5165 30 67
5166 99 65
5167 72 80
5168 61 23
5169 46 92
5170 36 29
5171 74 55
5172 52 44
5173 73 25
5174 61 56
5175 26 54
5176 96 82
5177 69 10
5178 55 94
5179 40 66
5180 26 74
5181 100 86
5182 45 29
5183 99 23
5184 51 50
5185 32 64
5186 94 2
5187 66 82
5188 55 96
5189 40 59
5190 92 90
5191 49 76
5192 94 88
5193 85 38
5194 64 61
5195 37 30
5196 92 77
5197 42 42
5198 87 33
5199 94 97
5200 69 48
5201 98 6
5202 68 33
5203 47 39
5204 45 12
5205 63 94
5206 45 13
5207 46 99
5208 83 43
5209 75 1
5210 47 37
5211 67 32
5212 37 9
5213 73 17
5214 70 66
5215 84 78
5216 43 19
5217 77 49
5218 52 60
5219 27 53
5220 86 80
5221 68 87
5222 86 8
5223 68 11
5224 54 7
5225 37 9
5226 93 51
5227 39 78
5228 31 8
5229 46 20
5230 64 61
5231 25 79
5232 48 37
5233 50 61
5234 60 78
5235 30 62
5236 35 63
5237 57 70
5238 38 39
5239 80 43
5240 28 65
5241 62 66
5242 74 9
5243 73 63
5244 94 81
5245 46 16
5246 67 94
5247 87 30
5248 29 41
5249 99 16
5250 66 100
5251 76 36
5252 44 25
5253 57 81
5254 46 18
5255 89 48
5256 92 59
5257 59 25
5258 67 85
5259 39 9
5260 69 25
5261 55 78
5262 84 42
5263 25 15
5264 46 13
5265 67 60
5266 76 62
5267 85 35
5268 84 87
5269 98 90
5270 95 21
5271 67 14
5272 47 35
5273 25 21
5274 87 72
5275 50 49
5276 38 46
5277 46 55
5278 93 69
5279 36 55
5280 87 33
5281 50 88
5282 69 32
5283 25 11
5284 95 34
5285 56 59
5286 85 99
5287 100 12
5288 62 78
5289 28 11
5290 62 88
5291 91 20
5292 31 14
5293 95 45
5294 99 16
5295 69 24
5296 77 95
5297 36 20
5298 30 67
5299 67 2
5300 77 48
5301 66 9
5302 88 42
5303 95 86
5304 59 49
5305 44 41
5306 31 39
5307 34 91
5308 78 77
5309 48 3
5310 90 72
5311 76 76
5312 58 52
5313 69 66
5314 92 18
5315 54 100
5316 64 49
5317 97 30
5318 34 99
5319 99 49
5320 25 38
5321 48 82
5322 42 32
5323 98 69
5324 98 43
5325 78 56
5326 66 82
5327 58 99
5328 67 59
5329 47 54
5330 27 68
5331 97 77
5332 60 25
5333 69 80
5334 43 68
5335 63 57
5336 95 90
5337 33 96
5338 33 50
5339 94 56
5340 65 51
5341 83 13
5342 46 33
5343 93 37
5344 83 32
5345 39 92
5346 34 99
5347 27 54
5348 27 25
5349 35 91
5350 40 64
5351 30 66
5352 64 81
5353 97 87
5354 95 51
5355 55 39
5356 44 82
5357 56 23
5358 39 44
5359 44 49
5360 52 93
5361 33 17
5362 38 88
5363 99 33
5364 43 83
5365 31 29
5366 84 35
5367 87 75
5368 65 2
5369 62 28
5370 35 11
5371 53 18
5372 98 10
5373 52 12
5374 59 48
5375 70 25
5376 61 13
5377 52 24
5378 40 8
5379 55 90
5380 34 73
5381 39 5
5382 67 24
5383 98 5
5384 61 55
5385 35 14
5386 43 20
5387 62 17
5388 100 84
5389 45 31
5390 71 44
5391 76 72
5392 95 49
5393 70 58
5394 71 4
5395 100 54
5396 58 90
5397 53 49
5398 34 88
5399 45 35
5400 46 81
5401 55 88
5402 44 41
5403 44 67
5404 47 91
5405 42 80
5406 57 90
5407 32 42
5408 87 83
5409 62 1
5410 69 85
5411 85 56
5412 100 15
5413 80 68
5414 89 73
5415 37 56
5416 41 8
5417 91 48
5418 88 59
5419 93 32
5420 45 81
5421 88 82
5422 93 57
5423 74 42
5424 59 37
5425 31 78
5426 85 42
5427 47 48
5428 46 100
5429 90 39
5430 97 24
5431 79 95
5432 91 7
5433 55 47
5434 35 61
5435 56 28
5436 48 76
5437 28 17
5438 69 100
5439 60 96
5440 72 47
5441 65 87
5442 94 80
5443 78 92
5444 31 38
5445 73 60
5446 94 96
5447 36 30
5448 30 54
5449 94 100
5450 53 77
5451 33 71
5452 30 11
5453 96 89
5454 85 7
5455 28 16
5456 25 3
5457 43 30
5458 47 12
5459 27 24
5460 44 68
5461 44 59
5462 67 89
5463 96 82
5464 96 43
5465 67 4
5466 74 18
5467 72 10
5468 45 1
5469 50 51
5470 100 38
5471 29 82
5472 86 57
5473 53 72
5474 90 68
5475 49 88
5476 66 62
5477 36 88
5478 58 96
5479 40 10
5480 46 75
5481 68 26
5482 40 54
5483 74 67
5484 70 63
5485 57 78
5486 36 15
5487 35 58
5488 81 86
5489 35 78
5490 61 48
5491 85 100
5492 32 28
5493 61 23
5494 48 82
5495 68 94
5496 46 30
5497 29 65
5498 93 37
5499 78 5
5500 95 28
5501 86 38
5502 61 87
5503 73 88
5504 33 51
5505 69 18
5506 63 10
5507 76 24
5508 53 73
5509 79 48
5510 93 55
5511 65 13
5512 39 31
5513 56 25
5514 67 90
5515 81 57
5516 96 78
5517 65 56
5518 33 75
5519 77 37
5520 70 61
5521 39 38
5522 74 87
5523 74 9
5524 45 17
5525 36 15
5526 35 51
5527 64 77
5528 65 94
5529 65 8
5530 49 40
5531 93 85
5532 62 84
5533 61 7
5534 67 47
5535 94 14
5536 52 49
5537 89 87
5538 59 62
5539 60 59
5540 25 4
5541 54 36
5542 90 34
5543 93 59
5544 65 79
5545 66 99
5546 100 90
5547 89 2
5548 42 98
5549 33 75
5550 70 9
5551 32 78
5552 66 24
5553 92 47
5554 66 86
5555 30 76
5556 44 79
5557 28 70
5558 45 38
5559 89 81
5560 88 58
5561 48 21
5562 32 97
5563 84 52
5564 66 48
5565 97 99
5566 41 5
5567 64 53
5568 37 57
5569 81 29
5570 79 37
5571 82 47
5572 93 11
5573 94 49
5574 64 93
5575 88 96
5576 72 91
5577 31 53
5578 54 21
5579 37 78
5580 57 82
5581 48 25
5582 47 42
5583 88 98
5584 68 99
5585 96 66
5586 58 14
5587 55 56
5588 43 82
5589 37 89
5590 57 36
5591 92 40
5592 61 97
5593 37 70
5594 69 95
5595 65 100
5596 48 85
5597 59 41
5598 95 82
5599 29 97
5600 74 93
5601 39 6
5602 32 10
5603 70 15
5604 30 15
5605 65 39
5606 54 62
5607 54 74
5608 33 36
5609 29 20
5610 91 78
5611 63 49
5612 39 1
5613 33 87
5614 68 3
5615 29 84
5616 54 59
5617 50 44
5618 85 87
5619 49 5
5620 46 65
5621 65 97
5622 64 60
5623 87 34
5624 66 5
5625 33 76
5626 32 56
5627 36 100
5628 53 23
5629 79 1
5630 48 32
5631 79 62
5632 34 24
5633 51 20
5634 87 51
5635 43 93
5636 87 5
5637 68 92
5638 90 10
5639 46 78
5640 76 71
5641 76 74
5642 88 30
5643 36 85
5644 68 75
5645 38 5
5646 40 65
5647 93 46
5648 74 64
5649 69 64
5650 26 85
5651 63 63
5652 76 56
5653 68 50
5654 98 47
5655 99 30
5656 64 54
5657 41 46
5658 30 18
5659 81 10
5660 90 20
5661 93 14
5662 56 12
5663 49 91
5664 52 4
5665 59 88
5666 50 71
5667 71 25
5668 39 98
5669 31 99
5670 75 5
5671 98 40
5672 46 34
5673 75 70
5674 52 17
5675 25 24
5676 54 19
5677 45 37
5678 80 45
5679 54 83
5680 58 13
5681 36 16
5682 46 80
5683 99 100
5684 51 65
5685 46 47
5686 83 51
5687 39 82
5688 28 23
5689 50 64
5690 78 52
5691 70 90
5692 98 46
5693 25 97
5694 46 56
5695 30 52
5696 54 20
5697 97 79
5698 73 53
5699 47 36
5700 27 98
5701 95 84
5702 31 69
5703 38 40
5704 85 54
5705 32 83
5706 99 98
5707 68 80
5708 97 21
5709 53 18
5710 84 53
5711 80 82
5712 40 5
5713 55 57
5714 27 61
5715 46 84
5716 29 27
5717 56 85
5718 44 8
5719 73 38
5720 99 43
5721 52 84
5722 61 100
5723 42 7
5724 92 37
5725 82 49
5726 84 61
5727 38 81
5728 68 4
5729 35 84
5730 46 82
5731 40 88
5732 98 22
5733 50 13
5734 38 84
5735 60 78
5736 41 56
5737 50 89
5738 45 16
5739 94 73
5740 63 73
5741 72 55
5742 96 35
5743 88 98
5744 45 57
5745 58 19
5746 97 38
5747 80 100
5748 52 29
5749 68 80
5750 71 75
5751 35 37
5752 61 38
5753 26 63
5754 34 84
5755 77 30
5756 28 77
5757 60 24
5758 34 36
5759 31 20
5760 64 58
5761 57 79
5762 99 27
5763 90 73
5764 76 65
5765 49 69
5766 61 3
5767 91 42
5768 97 87
5769 42 64
5770 86 35
5771 87 20
5772 90 44
5773 100 100
5774 40 89
5775 68 15
5776 25 97
5777 43 44
5778 99 94
5779 97 49
5780 47 42
5781 73 3
5782 34 84
5783 90 88
5784 98 44
5785 78 34
5786 46 68
5787 55 88
5788 100 30
5789 56 67
5790 26 48
5791 30 23
5792 99 6
5793 66 69
5794 84 87
5795 95 79
5796 45 6
5797 40 87
5798 90 17
5799 42 82
5800 37 78
5801 92 21
5802 61 38
5803 93 89
5804 33 70
5805 42 85
5806 96 33
5807 89 89
5808 84 86
5809 99 63
5810 65 51
5811 31 97
5812 25 73
5813 90 65
5814 50 60
5815 57 90
5816 80 79
5817 80 1
5818 94 18
5819 84 41
5820 62 13
5821 95 83
5822 79 55
5823 56 75
5824 61 99
5825 71 52
5826 55 32
5827 66 48
5828 90 59
5829 97 83
5830 84 82
5831 48 87
5832 27 80
5833 69 67
5834 79 13
5835 80 62
5836 88 36
5837 44 88
5838 47 2
5839 83 52
5840 68 44
5841 73 47
5842 45 50
5843 77 70
5844 63 65
5845 52 11
5846 100 23
5847 25 86
5848 48 57
5849 57 47
5850 43 60
5851 32 5
5852 90 54
5853 61 67
5854 60 75
5855 54 97
5856 88 88
5857 86 53
5858 73 85
5859 43 24
5860 75 8
5861 78 89
5862 90 38
5863 47 88
5864 44 78
5865 29 54
5866 33 58
5867 90 95
5868 88 78
5869 50 40
5870 62 52
5871 62 43
5872 84 52
5873 66 36
5874 60 57
5875 95 34
5876 58 79
5877 89 23
5878 66 15
5879 67 9
5880 35 93
5881 60 19
5882 44 15
5883 25 96
5884 83 55
5885 63 12
5886 39 64
5887 72 21
5888 58 47
5889 49 65
5890 72 20
5891 79 79
5892 86 13
5893 58 31
5894 32 100
5895 80 25
5896 48 26
5897 58 76
5898 58 49
5899 84 63
5900 84 33
5901 78 8
5902 32 22
5903 84 44
5904 31 35
5905 58 9
5906 50 21
5907 95 86
5908 34 79
5909 64 3
5910 86 45
5911 68 74
5912 85 93
5913 44 35
5914 87 55
5915 57 76
5916 85 95
5917 89 65
5918 51 87
5919 67 76
5920 84 46
5921 32 23
5922 35 82
5923 38 45
5924 39 10
5925 31 62
5926 100 6
5927 68 25
5928 94 70
5929 71 6
5930 47 89
5931 74 97
5932 49 79
5933 27 57
5934 71 46
5935 40 74
5936 67 66
5937 60 74
5938 75 95
5939 71 57
5940 75 57
5941 91 69
5942 54 43
5943 77 73
5944 97 34
5945 58 29
5946 32 57
5947 31 59
5948 67 73
5949 26 55
5950 32 73
5951 37 49
5952 68 42
5953 52 44
5954 34 63
5955 87 28
5956 62 93
5957 85 80
5958 50 75
5959 56 6
5960 60 6
5961 72 14
5962 70 87
5963 100 18
5964 70 23
5965 64 18
5966 36 59
5967 30 11
5968 51 67
5969 48 25
5970 32 22
5971 42 93
5972 52 71
5973 29 80
5974 41 76
5975 36 94
5976 69 78
5977 71 10
5978 88 8
5979 86 68
5980 49 17
5981 83 14
5982 97 49
5983 47 48
5984 97 84
5985 65 26
5986 51 20
5987 85 69
5988 82 28
5989 56 65
5990 89 70
5991 32 56
5992 26 54
5993 73 57
5994 38 70
5995 83 35
5996 66 67
5997 53 53
5998 49 45
5999 29 58
6000 33 97
6001 60 22
6002 96 21
6003 100 5
6004 39 11
6005 44 13
6006 70 76
6007 48 100
6008 79 93
6009 44 23
6010 93 41
6011 34 11
6012 86 98
6013 33 30
6014 89 88
6015 85 68
6016 50 40
6017 99 23
6018 58 90
6019 61 91
6020 50 81
6021 47 45
6022 58 93
6023 95 21
6024 38 43
6025 60 1
6026 31 27
6027 92 25
6028 33 83
6029 93 83
6030 73 11
6031 31 16
6032 25 39
6033 97 35
6034 41 49
6035 36 75
6036 46 50
6037 31 91
6038 76 23
6039 38 100
6040 69 75
6041 87 25
6042 31 86
6043 69 84
6044 66 9
6045 35 97
6046 25 37
6047 60 43
6048 38 32
6049 78 74
6050 97 68
6051 26 9
6052 53 58
6053 81 55
6054 81 88
6055 30 21
6056 47 75
6057 78 53
6058 29 39
6059 30 56
6060 77 98
6061 59 61
6062 65 80
6063 51 60
6064 80 12
6065 50 76
6066 80 11
6067 26 61
6068 48 34
6069 94 77
6070 28 59
6071 83 50
6072 27 68
6073 84 47
6074 35 35
6075 53 44
6076 50 70
6077 56 99
6078 68 15
6079 45 19
6080 63 28
6081 96 93
6082 95 57
6083 56 38
6084 62 26
6085 46 45
6086 56 22
6087 92 77
6088 89 28
6089 49 12
6090 55 1
6091 68 19
6092 46 20
6093 77 57
6094 35 74
6095 45 38
6096 68 71
6097 31 9
6098 53 81
6099 25 59
6100 78 41
6101 54 46
6102 29 15
6103 99 98
6104 70 85
6105 50 97
6106 50 93
6107 53 1
6108 75 40
6109 49 53
6110 34 22
6111 75 43
6112 69 29
6113 95 27
6114 40 1
6115 50 60
6116 67 66
6117 38 57
6118 56 94
6119 100 11
6120 66 69
6121 28 77
6122 45 37
6123 60 100
6124 74 100
6125 92 1
6126 41 27
6127 66 37
6128 63 76
6129 37 52
6130 32 58
6131 54 23
6132 42 12
6133 98 76
6134 26 48
6135 69 89
6136 32 69
6137 30 86
6138 41 14
6139 92 64
6140 83 63
6141 61 24
6142 94 59
6143 46 94
6144 92 64
6145 37 30
6146 51 48
6147 83 41
6148 76 33
6149 80 30
6150 50 100
6151 72 32
6152 83 11
6153 84 75
6154 53 24
6155 58 58
6156 69 25
6157 61 51
6158 89 6
6159 87 7
6160 46 84
6161 39 95
6162 32 17
6163 47 32
6164 44 85
6165 26 20
6166 62 55
6167 94 25
6168 56 32
6169 54 23
6170 78 8
6171 86 11
6172 79 25
6173 45 79
6174 62 46
6175 42 93
6176 49 92
6177 30 44
6178 89 57
6179 40 52
6180 58 54
6181 94 85
6182 33 77
6183 63 67
6184 95 52
6185 37 100
6186 45 33
6187 63 96
6188 41 21
6189 72 95
6190 27 67
6191 28 14
6192 64 59
6193 46 82
6194 25 57
6195 31 91
6196 39 57
6197 34 88
6198 42 21
6199 25 59
6200 72 6
6201 30 27
6202 68 36
6203 38 18
6204 73 87
6205 71 27
6206 43 9
6207 42 57
6208 29 17
6209 85 5
6210 25 7
6211 66 83
6212 40 87
6213 34 79
6214 32 7
6215 78 100
6216 28 76
6217 83 54
6218 33 85
6219 77 74
6220 89 46
6221 62 44
6222 28 3
6223 85 96
6224 86 15
6225 28 7
6226 42 51
6227 54 67
6228 81 81
6229 55 41
6230 99 84
6231 60 66
6232 79 52
6233 86 13
6234 48 36
6235 60 98
6236 47 15
6237 73 4
6238 93 46
6239 98 83
6240 60 18
6241 56 33
6242 83 85
6243 48 30
6244 83 9
6245 81 46
6246 67 12
6247 87 27
6248 62 59
6249 95 81
6250 61 41
6251 48 86
6252 88 13
6253 65 53
6254 29 63
6255 92 77
6256 31 63
6257 64 47
6258 96 90
6259 44 19
6260 40 45
6261 41 96
6262 76 13
6263 63 86
6264 70 42
6265 74 78
6266 27 77
6267 53 67
6268 33 91
6269 32 100
6270 36 66
6271 25 96
6272 58 11
6273 89 80
6274 93 17
6275 25 77
6276 79 71
6277 84 54
6278 31 66
6279 72 24
6280 42 37
6281 42 62
6282 79 18
6283 43 19
6284 45 26
6285 94 24
6286 67 74
6287 98 50
6288 45 45
6289 90 63
6290 68 73
6291 80 2
6292 39 72
6293 34 67
6294 100 17
6295 48 93
6296 42 41
6297 28 41
6298 26 28
6299 81 3
6300 44 51
6301 56 12
6302 59 10
6303 72 75
6304 73 62
6305 86 100
6306 61 11
6307 74 1
6308 81 12
6309 37 28
6310 96 99
6311 70 55
6312 43 73
6313 90 79
6314 28 31
6315 100 91
6316 35 47
6317 81 4
6318 76 13
6319 74 73
6320 27 29
6321 48 47
6322 46 52
6323 79 12
6324 91 81
6325 78 47
6326 93 52
6327 48 74
6328 48 22
6329 30 72
6330 75 6
6331 54 90
6332 90 68
6333 74 61
6334 57 31
6335 71 80
6336 55 42
6337 65 80
6338 64 3
6339 61 25
6340 87 1
6341 49 62
6342 42 76
6343 43 35
6344 67 27
6345 46 81
6346 25 86
6347 44 3
6348 92 12
6349 34 2
6350 84 84
6351 82 42
6352 74 32
6353 92 83
6354 58 63
6355 99 37
6356 92 2
6357 30 91
6358 32 91
6359 92 73
6360 26 47
6361 26 43
6362 82 48
6363 55 2
6364 64 77
6365 48 80
6366 80 15
6367 96 15
6368 83 94
6369 74 80
6370 92 70
6371 80 56
6372 35 65
6373 48 35
6374 99 80
6375 94 6
6376 64 51
6377 54 70
6378 59 72
6379 69 10
6380 45 10
6381 43 11
6382 36 54
6383 45 25
6384 59 3
6385 86 68
6386 26 95
6387 25 98
6388 82 29
6389 53 57
6390 69 12
6391 66 46
6392 42 100
6393 53 50
6394 69 97
6395 83 46
6396 68 95
6397 94 81
6398 64 62
6399 43 35
6400 33 26
6401 48 85
6402 37 68
6403 33 15
6404 58 100
6405 98 30
6406 72 17
6407 73 13
6408 88 69
6409 92 83
6410 60 4
6411 64 16
6412 88 79
6413 30 62
6414 82 28
6415 41 96
6416 74 61
6417 35 81
6418 77 73
6419 61 95
6420 62 13
6421 67 52
6422 54 74
6423 98 38
6424 40 94
6425 37 49
6426 83 88
6427 52 16
6428 81 61
6429 48 30
6430 85 93
6431 47 41
6432 42 30
6433 55 62
6434 81 46
6435 50 90
6436 36 34
6437 87 96
6438 52 4
6439 29 27
6440 63 29
6441 44 36
6442 44 93
6443 34 64
6444 98 77
6445 62 83
6446 33 60
6447 42 79
6448 75 33
6449 84 66
6450 65 25
6451 67 69
6452 48 17
6453 85 37
6454 78 11
6455 52 89
6456 51 10
6457 79 53
6458 82 96
6459 98 68
6460 54 35
6461 62 57
6462 86 67
6463 59 51
6464 47 66
6465 95 63
6466 38 56
6467 91 15
6468 63 99
6469 25 23
6470 44 19
6471 40 55
6472 79 29
6473 77 13
6474 64 99
6475 88 50
6476 100 41
6477 27 56
6478 89 62
6479 99 61
6480 74 79
6481 59 44
6482 44 23
6483 29 53
6484 91 42
6485 100 45
6486 83 61
6487 87 60
6488 25 38
6489 76 98
6490 44 69
6491 57 27
6492 63 25
6493 71 38
6494 53 75
6495 92 37
6496 38 10
6497 78 26
6498 93 29
6499 41 39
6500 66 17
6501 54 64
6502 27 90
6503 48 67
6504 31 60
6505 38 93
6506 85 96
6507 43 82
6508 73 72
6509 26 91
6510 96 90
6511 47 43
6512 80 44
6513 87 59
6514 90 26
6515 52 98
6516 52 5
6517 25 6
6518 88 70
6519 31 1
6520 32 55
6521 77 38
6522 64 74
6523 28 93
6524 28 83
6525 79 2
6526 63 90
6527 44 76
6528 66 85
6529 76 64
6530 39 4
6531 39 76
6532 77 19
6533 40 11
6534 84 57
6535 72 82
6536 69 7
6537 32 16
6538 35 68
6539 67 92
6540 60 50
6541 45 94
6542 92 99
6543 75 98
6544 82 5
6545 25 98
6546 84 72
6547 98 1
6548 81 35
6549 54 63
6550 35 21
6551 91 25
6552 94 12
6553 59 2
6554 95 82
6555 68 63
6556 82 1
6557 47 82
6558 72 75
6559 54 8
6560 50 12
6561 49 81
6562 45 29
6563 64 60
6564 28 87
6565 76 83
6566 89 34
6567 38 89
6568 95 83
6569 39 5
6570 75 47
6571 48 64
6572 34 18
6573 39 96
6574 96 97
6575 52 12
6576 40 76
6577 36 100
6578 36 73
6579 38 63
6580 66 27
6581 37 92
6582 95 22
6583 70 85
6584 53 17
6585 90 41
6586 82 37
6587 52 25
6588 70 22
6589 62 15
6590 32 92
6591 94 99
6592 49 75
6593 66 40
6594 62 86
6595 90 40
6596 84 93
6597 94 77
6598 64 71
6599 51 48
6600 52 90
6601 65 27
6602 94 53
6603 58 88
6604 87 24
6605 77 89
6606 89 62
6607 95 56
6608 25 61
6609 41 96
6610 31 52
6611 90 36
6612 38 24
6613 55 22
6614 85 40
6615 69 28
6616 77 1
6617 83 54
6618 77 70
6619 61 14
6620 56 90
6621 32 90
6622 74 98
6623 89 18
6624 35 49
6625 82 35
6626 92 38
6627 53 44
6628 38 40
6629 75 63
6630 54 30
6631 43 18
6632 41 14
6633 34 35
6634 30 74
6635 30 91
6636 71 78
6637 82 89
6638 28 89
6639 70 12
6640 38 80
6641 81 27
6642 30 27
6643 79 3
6644 40 24
6645 29 83
6646 53 84
6647 38 32
6648 85 19
6649 88 30
6650 31 13
6651 29 70
6652 84 12
6653 49 39
6654 65 97
6655 30 59
6656 94 56
6657 45 49
6658 94 1
6659 35 4
6660 36 69
6661 51 45
6662 68 83
6663 93 26
6664 75 69
6665 83 26
6666 50 44
6667 96 29
6668 98 77
6669 45 96
6670 94 10
6671 74 88
6672 62 98
6673 99 6
6674 61 73
6675 28 12
6676 93 13
6677 71 98
6678 76 79
6679 56 66
6680 54 67
6681 84 36
6682 51 23
6683 84 72
6684 49 27
6685 97 90
6686 29 65
6687 71 53
6688 48 66
6689 45 95
6690 63 100
6691 58 5
6692 54 16
6693 81 14
6694 37 10
6695 76 32
6696 50 43
6697 57 93
6698 44 6
6699 57 10
6700 49 9
6701 92 44
6702 88 9
6703 31 89
6704 94 74
6705 98 48
6706 38 38
6707 96 46
6708 54 95
6709 54 48
6710 35 45
6711 53 7
6712 53 75
6713 90 20
6714 88 55
6715 44 88
6716 59 67
6717 33 90
6718 57 29
6719 44 51
6720 72 41
6721 84 92
6722 37 41
6723 25 96
6724 89 9
6725 84 70
6726 56 42
6727 51 8
6728 64 73
6729 37 29
6730 68 97
6731 67 48
6732 66 60
6733 42 94
6734 84 72
6735 30 59
6736 59 76
6737 67 76
6738 96 10
6739 81 70
6740 59 30
6741 92 73
6742 53 96
6743 66 54
6744 82 37
6745 93 80
6746 37 51
6747 58 26
6748 50 48
6749 95 4
6750 40 64
6751 94 95
6752 63 37
6753 87 90
6754 82 8
6755 27 92
6756 44 61
6757 68 50
6758 33 41
6759 74 45
6760 33 91
6761 68 53
6762 88 66
6763 52 88
6764 57 38
6765 83 47
6766 55 25
6767 93 23
6768 81 77
6769 66 90
6770 92 61
6771 70 67
6772 95 74
6773 46 5
6774 50 53
6775 73 87
6776 86 79
6777 91 83
6778 77 46
6779 57 45
6780 83 1
6781 89 20
6782 61 73
6783 46 48
6784 91 7
6785 57 62
6786 56 26
6787 81 9
6788 26 1
6789 89 71
6790 46 8
6791 77 13
6792 88 22
6793 67 25
6794 26 5
6795 81 78
6796 66 85
6797 26 77
6798 58 69
6799 52 38
6800 30 89
6801 88 28
6802 26 57
6803 33 87
6804 97 84
6805 67 13
6806 63 79
6807 52 1
6808 28 68
6809 62 65
6810 57 74
6811 28 74
6812 100 62
6813 45 88
6814 84 38
6815 63 28
6816 93 29
6817 59 87
6818 65 54
6819 82 34
6820 90 44
6821 52 74
6822 84 2
6823 70 98
6824 44 69
6825 100 10
6826 99 84
6827 100 78
6828 55 43
6829 48 56
6830 65 69
6831 77 40
6832 37 36
6833 94 74
6834 47 71
6835 46 57
6836 62 96
6837 56 13
6838 70 23
6839 63 36
6840 91 41
6841 87 82
6842 35 6
6843 51 67
6844 77 51
6845 70 88
6846 75 33
6847 80 39
6848 30 33
6849 75 88
6850 57 41
6851 100 76
6852 69 47
6853 72 46
6854 30 83
6855 74 4
6856 31 57
6857 29 54
6858 25 1
6859 31 25
6860 88 1
6861 79 58
6862 68 46
6863 45 46
6864 62 73
6865 98 71
6866 48 44
6867 54 97
6868 88 27
6869 64 53
6870 94 58
6871 32 4
6872 39 71
6873 69 85
6874 98 83
6875 47 76
6876 44 93
6877 92 25
6878 63 61
6879 47 53
6880 75 31
6881 44 51
6882 91 35
6883 70 35
6884 48 75
6885 26 8
6886 59 26
6887 33 23
6888 76 64
6889 87 30
6890 71 22
6891 30 7
6892 71 44
6893 37 43
6894 99 27
6895 68 95
6896 90 78
6897 44 99
6898 94 100
6899 65 45
6900 82 47
6901 25 3
6902 55 44
6903 61 85
6904 36 95
6905 58 54
6906 45 46
6907 86 55
6908 98 47
6909 27 98
6910 28 60
6911 25 56
6912 62 14
6913 79 89
6914 57 89
6915 59 89
6916 96 25
6917 66 91
6918 35 76
6919 58 96
6920 85 22
6921 72 98
6922 77 79
6923 40 90
6924 80 67
6925 46 73
6926 26 35
6927 37 32
6928 72 34
6929 83 29
6930 54 10
6931 71 13
6932 84 63
6933 48 60
6934 96 27
6935 35 83
6936 90 55
6937 46 93
6938 78 34
6939 32 52
6940 84 98
6941 90 59
6942 93 78
6943 39 44
6944 39 98
6945 66 74
6946 85 90
6947 55 26
6948 89 73
6949 57 3
6950 85 41
6951 92 54
6952 87 97
6953 83 45
6954 63 67
6955 69 25
6956 68 7
6957 56 29
6958 69 17
6959 81 30
6960 96 74
6961 94 18
6962 88 62
6963 30 21
6964 53 67
6965 60 12
6966 77 84
6967 69 23
6968 66 45
6969 45 84
6970 78 33
6971 63 45
6972 37 18
6973 91 92
6974 70 10
6975 38 6
6976 72 15
6977 56 67
6978 39 26
6979 96 37
6980 99 56
6981 88 87
6982 42 40
6983 38 6
6984 42 22
6985 61 36
6986 32 66
6987 31 1
6988 91 56
6989 61 84
6990 56 86
6991 35 47
6992 82 68
6993 40 6
6994 81 62
6995 62 48
6996 87 82
6997 26 96
6998 55 79
6999 76 2
7000 79 30
7001 36 74
7002 46 67
7003 50 73
7004 82 38
7005 40 46
7006 86 100
7007 32 23
7008 92 56
7009 76 42
7010 32 80
7011 100 84
7012 66 56
7013 97 48
7014 89 66
7015 75 74
7016 48 91
7017 65 82
7018 69 21
7019 49 47
7020 46 45
7021 62 40
7022 60 92
7023 49 33
7024 75 5
7025 73 91
7026 87 29
7027 87 63
7028 64 48
7029 94 1
7030 87 99
7031 44 3
7032 95 39
7033 43 47
7034 53 12
7035 92 96
7036 88 49
7037 33 50
7038 92 14
7039 39 21
7040 32 67
7041 52 12
7042 36 100
7043 90 81
7044 30 65
7045 92 32
7046 79 71
7047 96 31
7048 36 69
7049 67 11
7050 40 45
7051 64 41
7052 61 18
7053 66 5
7054 68 15
7055 99 18
7056 41 17
7057 25 30
7058 77 91
7059 74 71
7060 97 10
7061 90 44
7062 65 53
7063 45 83
7064 85 67
7065 100 70
7066 88 31
7067 63 55
7068 26 21
7069 69 21
7070 86 16
7071 48 28
7072 57 31
7073 50 38
7074 69 49
7075 93 77
7076 99 67
7077 68 62
7078 72 96
7079 47 2
7080 77 12
7081 69 45
7082 59 81
7083 47 32
7084 97 35
7085 94 25
7086 97 20
7087 99 84
7088 98 60
7089 35 47
7090 61 71
7091 47 45
7092 73 25
7093 39 47
7094 29 82
7095 92 25
7096 45 48
7097 64 91
7098 57 12
7099 84 77
7100 44 42
7101 84 75
7102 31 74
7103 72 13
7104 97 88
7105 41 1
7106 61 16
7107 31 61
7108 43 11
7109 93 16
7110 57 24
7111 44 19
7112 90 32
7113 46 67
7114 88 58
7115 43 53
7116 89 99
7117 84 14
7118 30 11
7119 35 46
7120 63 90
7121 67 82
7122 94 61
7123 74 70
7124 90 9
7125 41 29
7126 65 20
7127 100 37
7128 71 46
7129 54 4
7130 39 62
7131 97 29
7132 92 23
7133 60 87
7134 78 61
7135 90 11
7136 41 33
7137 35 42
7138 76 82
7139 75 60
7140 91 95
7141 30 57
7142 26 54
7143 36 60
7144 46 15
7145 25 39
7146 41 52
7147 90 48
7148 78 49
7149 94 1
7150 85 4
7151 56 63
7152 96 70
7153 29 32
7154 75 49
7155 43 49
7156 87 22
7157 86 76
7158 83 23
7159 57 37
7160 93 95
7161 65 66
7162 68 82
7163 52 28
7164 28 87
7165 27 97
7166 90 98
7167 40 5
7168 55 46
7169 89 53
7170 80 95
7171 47 44
7172 28 96
7173 90 49
7174 25 72
7175 100 77
7176 75 5
7177 62 48
7178 94 74
7179 87 30
7180 64 48
7181 62 31
7182 66 24
7183 33 87
7184 36 14
7185 41 16
7186 83 1
7187 30 82
7188 45 26
7189 29 10
7190 50 31
7191 32 17
7192 47 34
7193 57 15
7194 58 41
7195 65 72
7196 65 67
7197 42 4
7198 97 52
7199 40 88
7200 80 31
7201 50 70
7202 69 16
7203 56 55
7204 60 54
7205 61 43
7206 99 63
7207 70 73
7208 85 84
7209 28 94
7210 28 4
7211 75 36
7212 41 59
7213 41 1
7214 34 32
7215 42 75
7216 98 36
7217 25 39
7218 86 70
7219 32 1
7220 59 83
7221 74 27
7222 97 62
7223 82 41
7224 74 66
7225 59 75
7226 37 21
7227 42 29
7228 33 4
7229 99 41
7230 46 82
7231 58 10
7232 52 59
7233 68 8
7234 84 46
7235 33 71
7236 85 6
7237 69 53
7238 52 67
7239 72 59
7240 89 40
7241 39 9
7242 55 6
7243 78 14
7244 57 21
7245 87 60
7246 71 17
7247 58 19
7248 80 24
7249 63 60
7250 37 27
7251 96 33
7252 91 24
7253 30 44
7254 36 55
7255 32 97
7256 74 7
7257 52 93
7258 79 33
7259 64 53
7260 69 25
7261 27 14
7262 36 91
7263 72 51
7264 33 3
7265 86 75
7266 37 95
7267 39 33
7268 99 57
7269 70 20
7270 40 29
7271 27 20
7272 37 90
7273 29 1
7274 80 66
7275 58 24
7276 45 30
7277 60 58
7278 37 36
7279 58 25
7280 47 48
7281 70 1
7282 67 87
7283 96 54
7284 25 85
7285 88 64
7286 70 24
7287 48 63
7288 26 6
7289 84 93
7290 75 8
7291 93 73
7292 93 72
7293 89 23
7294 72 43
7295 77 58
7296 81 60
7297 83 52
7298 86 95
7299 26 5
7300 30 28
7301 28 7
7302 33 25
7303 32 3
7304 99 21
7305 25 50
7306 47 28
7307 43 41
7308 41 14
7309 76 19
7310 59 67
7311 35 16
7312 49 7
7313 95 14
7314 43 94
7315 93 18
7316 75 53
7317 55 84
7318 54 78
7319 95 91
7320 34 70
7321 53 17
7322 46 23
7323 55 91
7324 30 36
7325 55 7
7326 61 35
7327 66 10
7328 90 68
7329 56 55
7330 31 13
7331 54 62
7332 82 85
7333 33 42
7334 47 74
7335 32 98
7336 89 87
7337 70 93
7338 33 2
7339 45 59
7340 86 36
7341 60 94
7342 78 93
7343 31 23
7344 96 14
7345 86 88
7346 65 95
7347 26 43
7348 77 40
7349 35 86
7350 59 56
7351 46 85
7352 64 61
7353 36 79
7354 54 42
7355 56 21
7356 33 20
7357 49 96
7358 82 39
7359 46 31
7360 76 4
7361 57 92
7362 31 42
7363 40 83
7364 55 23
7365 65 92
7366 36 45
7367 32 22
7368 29 16
7369 87 78
7370 60 29
7371 37 35
7372 78 95
7373 88 87
7374 38 79
7375 66 66
7376 69 8
7377 55 100
7378 59 58
7379 96 9
7380 75 25
7381 65 73
7382 90 19
7383 56 14
7384 78 47
7385 59 13
7386 69 3
7387 30 6
7388 89 48
7389 27 78
7390 64 4
7391 25 99
7392 42 4
7393 31 11
7394 33 6
7395 74 28
7396 96 43
7397 86 53
7398 65 72
7399 69 62
7400 96 53
7401 99 10
7402 39 63
7403 38 65
7404 48 66
7405 44 27
7406 95 87
7407 82 18
7408 93 23
7409 32 63
7410 84 61
7411 86 61
7412 77 38
7413 56 99
7414 38 53
7415 26 87
7416 31 55
7417 49 77
7418 28 66
7419 74 61
7420 59 83
7421 89 94
7422 32 61
7423 63 43
7424 45 97
7425 79 66
7426 98 67
7427 42 62
7428 59 100
7429 71 32
7430 90 40
7431 62 2
7432 56 21
7433 28 10
7434 34 56
7435 68 41
7436 64 56
7437 76 56
7438 55 36
7439 92 80
7440 42 62
7441 34 39
7442 34 41
7443 100 29
7444 63 28
7445 39 45
7446 85 76
7447 32 78
7448 40 74
7449 99 65
7450 91 36
7451 44 18
7452 60 79
7453 51 87
7454 83 7
7455 60 75
7456 96 71
7457 96 19
7458 27 33
7459 62 54
7460 83 97
7461 32 81
7462 63 27
7463 61 8
7464 54 37
7465 100 73
7466 63 28
7467 78 63
7468 47 3
7469 70 26
7470 45 96
7471 89 16
7472 94 100
7473 57 17
7474 26 93
7475 61 55
7476 99 46
7477 57 44
7478 40 8
7479 85 89
7480 94 82
7481 35 35
7482 36 48
7483 43 10
7484 39 52
7485 42 27
7486 93 79
7487 26 50
7488 87 67
7489 44 11
7490 73 17
7491 28 15
7492 50 43
7493 51 87
7494 47 48
7495 87 25
7496 79 22
7497 87 56
7498 59 5
7499 66 86
7500 34 16
